0 0.500000 0.598125 0.095000 0.091250
0 0.558125 0.553125 0.058750 0.061250
0 0.518750 0.270000 0.045000 0.045000
1 0.039375 0.759375 0.076250 0.088750
1 0.331875 0.953125 0.098750 0.091250
1 0.038750 0.242500 0.075000 0.042500
1 0.805625 0.808750 0.063750 0.147500
1 0.656875 0.801875 0.053750 0.073750
1 0.873125 0.017500 0.066250 0.032500
1 0.061250 0.615625 0.050000 0.061250
1 0.343750 0.570000 0.052500 0.072500
1 0.819375 0.290625 0.063750 0.048750
1 0.119375 0.361250 0.091250 0.045000
1 0.681250 0.936875 0.085000 0.113750
1 0.852500 0.240000 0.097500 0.067500
1 0.204375 0.455000 0.056250 0.032500
1 0.315625 0.409375 0.071250 0.053750
1 0.223125 0.408125 0.046250 0.038750
1 0.294375 0.670000 0.061250 0.052500
1 0.928125 0.779375 0.061250 0.076250
1 0.073125 0.423750 0.048750 0.040000
1 0.675625 0.013750 0.063750 0.025000
1 0.133750 0.210000 0.080000 0.050000
1 0.008750 0.401875 0.015000 0.071250
1 0.063750 0.548750 0.082500 0.047500
1 0.130000 0.549375 0.062500 0.038750
1 0.828750 0.031875 0.045000 0.061250
1 0.803750 0.611875 0.047500 0.058750
1 0.937500 0.705000 0.050000 0.047500
1 0.054375 0.022500 0.106250 0.042500
1 0.705000 0.394375 0.087500 0.133750
1 0.669375 0.445000 0.058750 0.075000
1 0.266875 0.236875 0.071250 0.043750
1 0.694375 0.249375 0.053750 0.038750
1 0.051250 0.318125 0.100000 0.051250
1 0.964375 0.256875 0.041250 0.041250
1 0.084375 0.826250 0.063750 0.037500
1 0.053125 0.899375 0.056250 0.091250
1 0.943125 0.975625 0.041250 0.048750
