0 0.041250 0.120000 0.042500 0.042500
0 0.639375 0.045625 0.113750 0.088750
0 0.436250 0.311250 0.100000 0.097500
0 0.090625 0.026875 0.073750 0.051250
1 0.741875 0.909375 0.108750 0.178750
1 0.568125 0.806875 0.058750 0.151250
1 0.657500 0.855000 0.055000 0.185000
1 0.585000 0.956250 0.085000 0.087500
1 0.575000 0.590625 0.080000 0.083750
1 0.656250 0.437500 0.082500 0.090000
1 0.827500 0.274375 0.080000 0.063750
1 0.351250 0.788750 0.100000 0.232500
1 0.451875 0.681875 0.061250 0.108750
1 0.475000 0.907500 0.102500 0.170000
1 0.326250 0.739375 0.062500 0.136250
1 0.021250 0.828750 0.040000 0.150000
1 0.016875 0.955625 0.031250 0.083750
1 0.505625 0.425000 0.073750 0.032500
1 0.506250 0.390000 0.072500 0.032500
1 0.844375 0.533750 0.046250 0.057500
1 0.830000 0.792500 0.050000 0.110000
1 0.880000 0.816875 0.065000 0.096250
1 0.893750 0.911875 0.090000 0.128750
1 0.281875 0.206875 0.056250 0.081250
