0 0.045625 0.491875 0.088750 0.113750
0 0.264375 0.964375 0.068750 0.031250
0 0.778125 0.050000 0.156250 0.097500
1 0.265625 0.179375 0.071250 0.066250
1 0.598750 0.882500 0.055000 0.082500
1 0.774375 0.218750 0.086250 0.037500
1 0.553125 0.206250 0.071250 0.042500
1 0.708125 0.436875 0.051250 0.063750
1 0.538750 0.720625 0.067500 0.041250
1 0.333125 0.385625 0.061250 0.058750
1 0.613750 0.760000 0.075000 0.037500
1 0.735625 0.669375 0.058750 0.036250
1 0.501875 0.764375 0.046250 0.051250
1 0.200625 0.716250 0.058750 0.062500
1 0.923750 0.272500 0.077500 0.030000
1 0.310000 0.285000 0.067500 0.042500
1 0.795625 0.684375 0.048750 0.048750
1 0.700000 0.333125 0.082500 0.053750
1 0.389375 0.203125 0.038750 0.053750
1 0.571250 0.287500 0.055000 0.040000
1 0.285625 0.680625 0.048750 0.041250
1 0.620000 0.230000 0.057500 0.037500
1 0.325625 0.641250 0.081250 0.047500
1 0.404375 0.320000 0.048750 0.040000
1 0.563125 0.653750 0.053750 0.047500
1 0.085625 0.165625 0.033750 0.033750
1 0.081250 0.663125 0.040000 0.041250
1 0.333125 0.743125 0.056250 0.063750
1 0.347500 0.247500 0.035000 0.050000
1 0.750000 0.256250 0.050000 0.025000
1 0.275000 0.339375 0.037500 0.031250
1 0.739375 0.398125 0.061250 0.061250
1 0.232500 0.600000 0.055000 0.037500
1 0.341875 0.325625 0.041250 0.041250
1 0.938750 0.956875 0.040000 0.036250
1 0.164375 0.888750 0.066250 0.097500
