0 0.118125 0.101875 0.233750 0.201250
0 0.078750 0.245000 0.155000 0.172500
0 0.107500 0.891250 0.212500 0.217500
0 0.131875 0.926250 0.171250 0.147500
0 0.237500 0.946875 0.112500 0.106250
1 0.730625 0.145000 0.048750 0.102500
1 0.623750 0.098750 0.055000 0.097500
1 0.693750 0.394375 0.082500 0.098750
1 0.696250 0.210625 0.047500 0.066250
1 0.823125 0.452500 0.038750 0.075000
1 0.783750 0.231250 0.082500 0.110000
1 0.918750 0.513125 0.080000 0.068750
1 0.830625 0.724375 0.133750 0.056250
1 0.541250 0.616250 0.057500 0.072500
1 0.857500 0.618125 0.170000 0.083750
1 0.610000 0.893125 0.057500 0.068750
1 0.982500 0.269375 0.035000 0.073750
1 0.582500 0.471250 0.037500 0.060000
1 0.981250 0.216250 0.037500 0.055000
