0 0.221875 0.646250 0.048750 0.042500
0 0.330625 0.591250 0.081250 0.097500
0 0.294375 0.513750 0.091250 0.070000
1 0.969375 0.460625 0.061250 0.161250
1 0.483750 0.975000 0.075000 0.050000
1 0.766875 0.451250 0.093750 0.215000
1 0.828750 0.691250 0.065000 0.142500
1 0.561875 0.941250 0.086250 0.115000
1 0.508125 0.018750 0.106250 0.035000
1 0.441875 0.800625 0.101250 0.048750
1 0.603125 0.260625 0.076250 0.246250
1 0.553750 0.807500 0.085000 0.080000
1 0.645000 0.861875 0.065000 0.083750
1 0.952500 0.955625 0.072500 0.088750
1 0.435000 0.113125 0.032500 0.033750
1 0.463125 0.570000 0.098750 0.140000
1 0.797500 0.559375 0.085000 0.068750
1 0.706875 0.438750 0.066250 0.102500
1 0.901250 0.956875 0.187500 0.068750
1 0.463750 0.859375 0.177500 0.186250
1 0.120000 0.017500 0.130000 0.032500
1 0.265000 0.698125 0.117500 0.083750
1 0.709375 0.080000 0.108750 0.142500
1 0.674375 0.905000 0.061250 0.095000
1 0.511250 0.268125 0.065000 0.048750
