0 0.051250 0.611250 0.100000 0.112500
0 0.086250 0.802500 0.102500 0.112500
0 0.153125 0.704375 0.071250 0.088750
1 0.451875 0.748750 0.098750 0.117500
1 0.426250 0.077500 0.075000 0.097500
1 0.703750 0.490625 0.110000 0.083750
1 0.228750 0.273125 0.150000 0.063750
1 0.333750 0.761875 0.135000 0.063750
1 0.778750 0.322500 0.070000 0.160000
1 0.718125 0.162500 0.076250 0.092500
1 0.549375 0.642500 0.086250 0.082500
1 0.890000 0.830625 0.085000 0.061250
1 0.291875 0.323750 0.063750 0.062500
1 0.531875 0.120625 0.051250 0.076250
