0 0.759375 0.185000 0.123750 0.170000
0 0.845625 0.033125 0.141250 0.063750
0 0.910000 0.145000 0.180000 0.287500
1 0.510000 0.199375 0.110000 0.096250
1 0.304375 0.345625 0.058750 0.078750
1 0.336250 0.065000 0.060000 0.082500
1 0.165625 0.728750 0.126250 0.075000
1 0.424375 0.349375 0.056250 0.073750
1 0.189375 0.338750 0.073750 0.102500
1 0.556875 0.015625 0.096250 0.028750
1 0.191875 0.238750 0.058750 0.110000
0 0.780000 0.865625 0.055000 0.058750
1 0.370000 0.238750 0.060000 0.062500
1 0.036875 0.135625 0.063750 0.041250
1 0.018750 0.095000 0.035000 0.065000
0 0.707500 0.752500 0.050000 0.052500
1 0.564375 0.385000 0.096250 0.102500
0 0.753125 0.642500 0.493750 0.705000
