0 0.481875 0.500625 0.058750 0.048750
0 0.580000 0.545625 0.040000 0.056250
0 0.733750 0.499375 0.072500 0.076250
1 0.149375 0.886875 0.068750 0.068750
1 0.344375 0.318125 0.073750 0.083750
1 0.550000 0.928125 0.162500 0.071250
1 0.834375 0.146250 0.078750 0.075000
1 0.035625 0.305625 0.068750 0.061250
1 0.035000 0.195625 0.067500 0.063750
1 0.586250 0.038125 0.085000 0.061250
1 0.876875 0.683125 0.101250 0.071250
1 0.862500 0.903125 0.062500 0.083750
1 0.838750 0.313750 0.107500 0.060000
1 0.973125 0.748750 0.053750 0.062500
1 0.401250 0.163125 0.060000 0.071250
1 0.744375 0.895000 0.058750 0.085000
1 0.430000 0.848125 0.062500 0.066250
1 0.281875 0.976875 0.056250 0.043750
1 0.918125 0.746250 0.061250 0.055000
1 0.251875 0.429375 0.061250 0.063750
1 0.553125 0.823750 0.056250 0.057500
1 0.069375 0.886250 0.061250 0.067500
1 0.510625 0.330000 0.083750 0.057500
1 0.241875 0.043125 0.058750 0.058750
1 0.474375 0.148125 0.058750 0.046250
1 0.210000 0.851875 0.050000 0.046250
1 0.371875 0.098125 0.066250 0.038750
0 0.945000 0.440625 0.067500 0.081250
1 0.636875 0.210625 0.046250 0.051250
1 0.235625 0.266250 0.056250 0.067500
1 0.218750 0.186875 0.062500 0.038750
1 0.229375 0.935625 0.056250 0.038750
1 0.373750 0.067500 0.055000 0.042500
1 0.752500 0.014375 0.047500 0.026250
1 0.015000 0.035000 0.027500 0.057500
