0 0.711250 0.638750 0.027500 0.025000
0 0.796875 0.029375 0.076250 0.056250
0 0.687500 0.020000 0.057500 0.037500
0 0.721875 0.498750 0.056250 0.062500
1 0.361250 0.607500 0.080000 0.060000
1 0.452500 0.346875 0.080000 0.061250
1 0.323125 0.742500 0.118750 0.107500
1 0.735625 0.342500 0.086250 0.055000
1 0.039375 0.530625 0.048750 0.058750
1 0.492500 0.893750 0.057500 0.100000
1 0.560000 0.923125 0.072500 0.066250
1 0.421875 0.776875 0.068750 0.058750
1 0.591250 0.515000 0.057500 0.047500
1 0.350000 0.888125 0.080000 0.081250
1 0.396875 0.289375 0.053750 0.051250
1 0.018750 0.456250 0.035000 0.052500
1 0.528750 0.032500 0.045000 0.062500
1 0.438125 0.105000 0.053750 0.052500
1 0.454375 0.520000 0.051250 0.055000
1 0.418750 0.167500 0.055000 0.050000
1 0.475000 0.079375 0.060000 0.081250
1 0.456250 0.567500 0.057500 0.047500
1 0.521250 0.965625 0.052500 0.066250
1 0.017500 0.967500 0.032500 0.062500
1 0.531875 0.597500 0.063750 0.107500
1 0.935000 0.789375 0.075000 0.071250
1 0.607500 0.218750 0.067500 0.050000
1 0.022500 0.150625 0.042500 0.043750
1 0.447500 0.834375 0.055000 0.053750
1 0.476250 0.718125 0.057500 0.058750
1 0.038125 0.076250 0.048750 0.047500
1 0.474375 0.233125 0.046250 0.043750
1 0.496250 0.298750 0.060000 0.055000
1 0.364375 0.010625 0.091250 0.018750
1 0.021250 0.856875 0.040000 0.063750
1 0.440000 0.017500 0.057500 0.032500
1 0.622500 0.174375 0.060000 0.046250
1 0.568125 0.646875 0.053750 0.068750
1 0.033750 0.901250 0.042500 0.070000
1 0.508125 0.776875 0.061250 0.076250
1 0.528750 0.095625 0.047500 0.043750
1 0.536875 0.161875 0.046250 0.043750
1 0.536250 0.228125 0.042500 0.056250
1 0.112500 0.911875 0.040000 0.048750
1 0.341250 0.713125 0.165000 0.038750
