0 0.140625 0.793125 0.026250 0.028750
0 0.127500 0.844375 0.040000 0.038750
0 0.095000 0.935625 0.070000 0.048750
0 0.175000 0.766250 0.035000 0.050000
1 0.669375 0.878750 0.051250 0.092500
1 0.066875 0.236250 0.051250 0.067500
1 0.866875 0.721875 0.108750 0.056250
1 0.193750 0.181875 0.045000 0.083750
1 0.703125 0.284375 0.038750 0.066250
1 0.835625 0.323750 0.063750 0.045000
1 0.360625 0.305000 0.063750 0.055000
1 0.858125 0.788750 0.098750 0.047500
1 0.848750 0.394375 0.067500 0.053750
1 0.829375 0.198750 0.068750 0.065000
1 0.876875 0.445000 0.058750 0.042500
1 0.676875 0.231875 0.056250 0.073750
1 0.326875 0.421250 0.066250 0.042500
1 0.690625 0.773125 0.068750 0.033750
1 0.209375 0.348125 0.061250 0.036250
1 0.581250 0.432500 0.057500 0.032500
1 0.802500 0.863750 0.045000 0.072500
1 0.905625 0.686875 0.086250 0.033750
1 0.626875 0.254375 0.041250 0.066250
1 0.528125 0.479375 0.058750 0.041250
1 0.510000 0.385625 0.050000 0.051250
1 0.152500 0.241875 0.047500 0.046250
1 0.684375 0.420000 0.048750 0.032500
1 0.625625 0.365000 0.081250 0.052500
1 0.078125 0.367500 0.061250 0.030000
1 0.109375 0.398750 0.056250 0.047500
1 0.843125 0.879375 0.043750 0.046250
1 0.921875 0.401250 0.068750 0.052500
1 0.960000 0.276250 0.047500 0.085000
1 0.898750 0.199375 0.075000 0.078750
1 0.544375 0.231875 0.093750 0.076250
1 0.558125 0.280625 0.061250 0.033750
1 0.295625 0.284375 0.051250 0.048750
1 0.249375 0.445000 0.041250 0.027500
1 0.248125 0.403125 0.083750 0.031250
