0 0.093125 0.195000 0.118750 0.057500
0 0.118125 0.496250 0.208750 0.170000
0 0.110000 0.748750 0.140000 0.132500
1 0.873125 0.200625 0.101250 0.138750
1 0.932500 0.876250 0.135000 0.087500
1 0.966875 0.454375 0.066250 0.096250
1 0.958750 0.690000 0.082500 0.052500
1 0.704375 0.587500 0.063750 0.047500
1 0.561875 0.693750 0.056250 0.055000
1 0.629375 0.802500 0.053750 0.095000
1 0.764375 0.460000 0.151250 0.087500
1 0.458125 0.633750 0.068750 0.105000
1 0.485625 0.866250 0.061250 0.147500
1 0.626875 0.292500 0.061250 0.075000
1 0.632500 0.186250 0.057500 0.085000
1 0.905625 0.773750 0.093750 0.042500
1 0.722500 0.765625 0.052500 0.101250
