0 0.751875 0.525625 0.036250 0.038750
0 0.760625 0.425000 0.056250 0.097500
0 0.336875 0.546250 0.121250 0.080000
1 0.383750 0.150625 0.112500 0.088750
1 0.468125 0.112500 0.071250 0.107500
1 0.424375 0.705000 0.076250 0.095000
1 0.392500 0.094375 0.070000 0.076250
1 0.457500 0.762500 0.057500 0.070000
1 0.444375 0.238750 0.056250 0.062500
1 0.470000 0.376250 0.075000 0.065000
1 0.597500 0.041875 0.055000 0.056250
1 0.450625 0.298125 0.063750 0.048750
1 0.594375 0.656875 0.068750 0.098750
1 0.559375 0.090000 0.058750 0.047500
1 0.593750 0.822500 0.052500 0.070000
1 0.489375 0.226250 0.046250 0.095000
1 0.478125 0.530000 0.056250 0.057500
1 0.425625 0.475625 0.071250 0.061250
1 0.499375 0.725625 0.046250 0.058750
1 0.535000 0.536250 0.045000 0.050000
