0 0.322500 0.315000 0.050000 0.055000
0 0.246875 0.348750 0.083750 0.092500
1 0.658125 0.346875 0.076250 0.088750
1 0.205000 0.203125 0.062500 0.083750
1 0.501875 0.607500 0.078750 0.077500
1 0.075000 0.941875 0.107500 0.078750
1 0.804375 0.841875 0.061250 0.116250
1 0.792500 0.658750 0.057500 0.085000
1 0.839375 0.460000 0.078750 0.077500
1 0.111875 0.150625 0.053750 0.068750
1 0.033750 0.864375 0.065000 0.053750
1 0.028125 0.029375 0.053750 0.051250
1 0.490625 0.231250 0.046250 0.082500
1 0.878125 0.556250 0.073750 0.075000
1 0.343125 0.775000 0.048750 0.100000
1 0.755000 0.228750 0.055000 0.112500
1 0.145000 0.487500 0.057500 0.070000
1 0.314375 0.243750 0.061250 0.055000
1 0.265625 0.224375 0.081250 0.061250
1 0.031875 0.090625 0.061250 0.048750
1 0.171250 0.113750 0.067500 0.057500
1 0.683125 0.026875 0.053750 0.051250
1 0.721875 0.933125 0.056250 0.076250
1 0.430625 0.028125 0.051250 0.048750
1 0.281875 0.525625 0.078750 0.051250
1 0.176250 0.020000 0.040000 0.037500
1 0.779375 0.591875 0.056250 0.046250
1 0.045625 0.688750 0.056250 0.070000
1 0.876250 0.125000 0.055000 0.057500
1 0.632500 0.689375 0.047500 0.056250
1 0.921875 0.459375 0.068750 0.053750
1 0.573125 0.417500 0.053750 0.047500
1 0.780625 0.733750 0.056250 0.065000
1 0.254375 0.635000 0.061250 0.045000
1 0.638750 0.875000 0.062500 0.047500
1 0.901875 0.237500 0.041250 0.057500
1 0.398125 0.501875 0.053750 0.036250
1 0.863125 0.405000 0.076250 0.072500
1 0.570625 0.636875 0.043750 0.041250
1 0.424375 0.675000 0.043750 0.057500
1 0.166875 0.071875 0.068750 0.046250
1 0.975000 0.435000 0.047500 0.045000
1 0.059375 0.610625 0.056250 0.053750
1 0.356250 0.045000 0.072500 0.047500
1 0.883750 0.320000 0.050000 0.045000
1 0.345625 0.595000 0.063750 0.052500
1 0.031875 0.258125 0.056250 0.061250
1 0.103125 0.509375 0.063750 0.043750
1 0.651250 0.822500 0.037500 0.065000
1 0.125625 0.590625 0.048750 0.048750
1 0.250000 0.586250 0.052500 0.050000
1 0.990000 0.228750 0.017500 0.057500
1 0.788125 0.459375 0.058750 0.043750
1 0.830625 0.517500 0.058750 0.045000
1 0.981250 0.776250 0.035000 0.040000
1 0.420000 0.274375 0.042500 0.043750
1 0.180625 0.594375 0.061250 0.058750
1 0.390625 0.023750 0.043750 0.045000
1 0.941875 0.857500 0.053750 0.055000
1 0.846875 0.006875 0.091250 0.011250
1 0.914375 0.377500 0.036250 0.045000
1 0.573125 0.721250 0.043750 0.070000
