0 0.336250 0.113125 0.055000 0.063750
0 0.786875 0.766250 0.093750 0.120000
0 0.721875 0.791250 0.081250 0.067500
1 0.341875 0.525625 0.118750 0.066250
1 0.219375 0.934375 0.043750 0.088750
1 0.265625 0.816875 0.056250 0.076250
1 0.196875 0.442500 0.033750 0.082500
1 0.471875 0.325000 0.078750 0.055000
1 0.319375 0.273125 0.096250 0.061250
1 0.110000 0.476250 0.045000 0.107500
1 0.411875 0.411875 0.098750 0.068750
1 0.868125 0.317500 0.076250 0.040000
1 0.421250 0.106250 0.080000 0.082500
1 0.189375 0.139375 0.056250 0.098750
1 0.093750 0.093125 0.047500 0.081250
1 0.193125 0.338750 0.081250 0.057500
1 0.849375 0.373750 0.068750 0.075000
1 0.832500 0.585625 0.055000 0.063750
1 0.380000 0.370000 0.090000 0.062500
1 0.770625 0.528750 0.068750 0.047500
1 0.132500 0.095000 0.037500 0.052500
1 0.494375 0.430625 0.066250 0.076250
1 0.480000 0.583750 0.070000 0.040000
1 0.779375 0.577500 0.063750 0.042500
1 0.749375 0.286250 0.046250 0.050000
1 0.550000 0.615625 0.077500 0.038750
1 0.266250 0.353125 0.042500 0.068750
1 0.094375 0.302500 0.093750 0.060000
1 0.891875 0.692500 0.053750 0.042500
1 0.403125 0.618750 0.126250 0.060000
1 0.593125 0.307500 0.081250 0.057500
1 0.225625 0.736250 0.098750 0.035000
1 0.608750 0.208750 0.072500 0.040000
1 0.190000 0.616250 0.127500 0.047500
1 0.653125 0.573750 0.081250 0.055000
1 0.707500 0.385000 0.037500 0.075000
1 0.146250 0.667500 0.097500 0.060000
1 0.348750 0.655000 0.060000 0.047500
1 0.477500 0.384375 0.067500 0.091250
1 0.296875 0.845625 0.106250 0.068750
1 0.341875 0.696250 0.061250 0.055000
1 0.257500 0.218125 0.105000 0.073750
1 0.223125 0.516250 0.043750 0.032500
1 0.633750 0.668125 0.065000 0.056250
1 0.230625 0.696250 0.068750 0.052500
1 0.516875 0.670000 0.056250 0.055000
1 0.828750 0.173125 0.067500 0.066250
1 0.836875 0.420625 0.048750 0.031250
1 0.120000 0.745625 0.035000 0.068750
1 0.778750 0.153125 0.045000 0.058750
1 0.541250 0.414375 0.050000 0.073750
1 0.806250 0.252500 0.092500 0.035000
1 0.577500 0.536250 0.060000 0.075000
1 0.943750 0.205000 0.042500 0.032500
1 0.281875 0.389375 0.063750 0.048750
1 0.585625 0.347500 0.048750 0.030000
1 0.492500 0.741250 0.040000 0.057500
1 0.906875 0.447500 0.033750 0.037500
1 0.423750 0.243750 0.042500 0.040000
1 0.745000 0.103125 0.035000 0.033750
1 0.159375 0.227500 0.053750 0.035000
1 0.694375 0.231875 0.046250 0.043750
1 0.065000 0.161875 0.052500 0.043750
1 0.443125 0.530625 0.046250 0.028750
1 0.449375 0.171875 0.036250 0.048750
1 0.752500 0.653125 0.070000 0.056250
1 0.201875 0.286875 0.046250 0.031250
1 0.254375 0.291250 0.038750 0.052500
1 0.947500 0.612500 0.062500 0.060000
1 0.055625 0.280000 0.038750 0.067500
1 0.846250 0.693750 0.035000 0.047500
1 0.155000 0.631875 0.077500 0.031250
1 0.781875 0.508750 0.091250 0.040000
1 0.900000 0.241250 0.047500 0.027500
1 0.106250 0.380000 0.072500 0.075000
1 0.733125 0.399375 0.046250 0.053750
1 0.893125 0.546875 0.103750 0.101250
1 0.945625 0.241875 0.058750 0.031250
