0 0.141875 0.613750 0.223750 0.197500
0 0.368125 0.627500 0.208750 0.105000
0 0.480000 0.932500 0.147500 0.135000
1 0.503750 0.386250 0.072500 0.065000
1 0.915000 0.088750 0.062500 0.105000
1 0.974375 0.275000 0.051250 0.070000
1 0.105625 0.221875 0.071250 0.056250
1 0.850000 0.190625 0.062500 0.066250
1 0.522500 0.316875 0.085000 0.041250
1 0.479375 0.935625 0.078750 0.078750
1 0.238750 0.486250 0.085000 0.057500
1 0.740625 0.880625 0.048750 0.083750
1 0.719375 0.259375 0.078750 0.118750
1 0.170625 0.454375 0.073750 0.126250
1 0.181875 0.341875 0.111250 0.056250
