0 0.200625 0.655000 0.096250 0.090000
0 0.325625 0.815625 0.086250 0.081250
0 0.096250 0.768125 0.095000 0.098750
1 0.732500 0.240000 0.117500 0.072500
1 0.815625 0.235000 0.118750 0.037500
1 0.206250 0.044375 0.120000 0.083750
1 0.103750 0.103750 0.070000 0.060000
1 0.061250 0.148750 0.120000 0.085000
1 0.090625 0.062500 0.116250 0.062500
1 0.959375 0.282500 0.081250 0.052500
1 0.970000 0.234375 0.055000 0.056250
1 0.194375 0.228125 0.148750 0.061250
1 0.960625 0.131250 0.078750 0.040000
1 0.844375 0.410000 0.118750 0.055000
1 0.975000 0.031875 0.050000 0.046250
1 0.782500 0.361250 0.155000 0.062500
1 0.914375 0.027500 0.126250 0.052500
1 0.845000 0.295000 0.110000 0.055000
1 0.232500 0.121875 0.122500 0.071250
