0 0.740000 0.716875 0.035000 0.033750
0 0.152500 0.353125 0.100000 0.103750
0 0.050000 0.333750 0.097500 0.117500
1 0.976250 0.665000 0.047500 0.085000
1 0.598750 0.149375 0.075000 0.066250
1 0.260000 0.451250 0.082500 0.035000
1 0.205000 0.020625 0.070000 0.038750
1 0.763125 0.451875 0.056250 0.076250
1 0.973125 0.874375 0.053750 0.133750
1 0.645000 0.198750 0.070000 0.047500
1 0.880000 0.820000 0.082500 0.077500
1 0.019375 0.726250 0.036250 0.047500
1 0.990000 0.298750 0.020000 0.090000
1 0.766250 0.181875 0.047500 0.058750
1 0.255000 0.773125 0.072500 0.063750
1 0.025625 0.604375 0.048750 0.046250
1 0.894375 0.487500 0.056250 0.050000
1 0.161250 0.928125 0.062500 0.106250
1 0.049375 0.901250 0.096250 0.077500
1 0.980000 0.609375 0.040000 0.066250
1 0.890625 0.231250 0.051250 0.080000
1 0.176250 0.563750 0.102500 0.095000
1 0.060000 0.955000 0.117500 0.090000
1 0.854375 0.985000 0.076250 0.030000
1 0.028750 0.671875 0.055000 0.061250
1 0.850000 0.901250 0.057500 0.100000
1 0.373125 0.598125 0.141250 0.096250
1 0.815000 0.224375 0.077500 0.058750
1 0.921250 0.961875 0.057500 0.076250
1 0.968750 0.185000 0.062500 0.102500
1 0.900625 0.728125 0.063750 0.051250
1 0.853125 0.100000 0.151250 0.185000
1 0.766875 0.383125 0.071250 0.071250
1 0.747500 0.576875 0.047500 0.038750
1 0.915000 0.087500 0.080000 0.172500
1 0.854375 0.403125 0.048750 0.043750
1 0.900000 0.612500 0.052500 0.070000
1 0.975000 0.431875 0.050000 0.096250
1 0.832500 0.731250 0.065000 0.085000
