0 0.512500 0.168750 0.047500 0.037500
0 0.100625 0.517500 0.093750 0.102500
0 0.088750 0.914375 0.077500 0.133750
1 0.115625 0.120625 0.108750 0.088750
1 0.258125 0.793125 0.103750 0.093750
1 0.488750 0.417500 0.105000 0.085000
1 0.443125 0.531250 0.048750 0.077500
1 0.790625 0.450000 0.096250 0.060000
1 0.618125 0.803750 0.048750 0.075000
1 0.627500 0.595000 0.077500 0.067500
1 0.663750 0.817500 0.037500 0.052500
1 0.394375 0.111250 0.081250 0.042500
1 0.765000 0.704375 0.050000 0.063750
1 0.896875 0.345000 0.068750 0.045000
1 0.533125 0.880000 0.051250 0.135000
1 0.538750 0.762500 0.052500 0.035000
1 0.844375 0.506875 0.063750 0.076250
1 0.926250 0.425000 0.040000 0.057500
1 0.954375 0.168125 0.051250 0.063750
1 0.571250 0.650000 0.117500 0.045000
1 0.185625 0.066875 0.101250 0.096250
1 0.573750 0.391250 0.075000 0.037500
1 0.378750 0.673125 0.082500 0.031250
1 0.131250 0.247500 0.110000 0.042500
1 0.928750 0.043750 0.047500 0.082500
1 0.481250 0.743125 0.090000 0.031250
1 0.955000 0.100625 0.047500 0.071250
1 0.390000 0.802500 0.085000 0.032500
1 0.873125 0.285625 0.056250 0.041250
1 0.943125 0.304375 0.043750 0.041250
1 0.336875 0.848750 0.068750 0.030000
1 0.476875 0.722500 0.073750 0.027500
1 0.636875 0.281875 0.058750 0.028750
1 0.411875 0.815000 0.096250 0.057500
1 0.351875 0.572500 0.096250 0.052500
