0 0.288750 0.605000 0.140000 0.097500
0 0.091250 0.120000 0.090000 0.105000
0 0.950000 0.617500 0.097500 0.080000
1 0.295000 0.968125 0.055000 0.058750
1 0.361875 0.316875 0.051250 0.058750
1 0.158125 0.273750 0.051250 0.060000
1 0.101875 0.922500 0.066250 0.045000
1 0.211875 0.301875 0.046250 0.053750
1 0.877500 0.970625 0.045000 0.041250
1 0.553750 0.358125 0.042500 0.053750
1 0.128125 0.356875 0.056250 0.043750
1 0.516250 0.313125 0.037500 0.041250
1 0.850625 0.330000 0.041250 0.047500
1 0.295625 0.276250 0.046250 0.045000
1 0.844375 0.281250 0.041250 0.052500
1 0.632500 0.297500 0.035000 0.037500
1 0.171875 0.935625 0.041250 0.043750
1 0.327500 0.325625 0.035000 0.048750
1 0.715625 0.340625 0.041250 0.043750
1 0.406250 0.323750 0.047500 0.045000
1 0.505625 0.373750 0.038750 0.037500
1 0.165625 0.978750 0.038750 0.042500
1 0.678750 0.341250 0.045000 0.052500
1 0.966250 0.393750 0.040000 0.042500
1 0.090000 0.316250 0.040000 0.040000
1 0.928750 0.372500 0.037500 0.042500
1 0.778125 0.354375 0.041250 0.038750
1 0.903125 0.480625 0.041250 0.031250
1 0.272500 0.907500 0.037500 0.040000
0 0.782500 0.751875 0.080000 0.063750
1 0.128750 0.434375 0.037500 0.033750
1 0.458750 0.910000 0.032500 0.037500
1 0.813125 0.453750 0.036250 0.035000
1 0.478125 0.990000 0.038750 0.020000
1 0.356875 0.903125 0.031250 0.036250
1 0.853125 0.990625 0.036250 0.018750
1 0.725625 0.992500 0.058750 0.015000
1 0.040000 0.463125 0.035000 0.028750
1 0.080625 0.428125 0.036250 0.033750
1 0.798750 0.990000 0.050000 0.017500
0 0.753125 0.188750 0.126250 0.102500
0 0.860625 0.070000 0.078750 0.085000
0 0.888750 0.137500 0.067500 0.092500
0 0.867500 0.224375 0.085000 0.071250
