0 0.763125 0.895625 0.156250 0.153750
0 0.223125 0.395625 0.118750 0.111250
1 0.284375 0.900625 0.203750 0.091250
1 0.125000 0.060625 0.075000 0.118750
1 0.420625 0.791250 0.158750 0.287500
1 0.811250 0.265000 0.095000 0.045000
1 0.267500 0.726875 0.125000 0.121250
1 0.600625 0.039375 0.106250 0.066250
1 0.188125 0.035625 0.061250 0.068750
1 0.348750 0.588750 0.100000 0.045000
1 0.273125 0.541250 0.046250 0.052500
1 0.168750 0.709375 0.080000 0.071250
1 0.783750 0.340000 0.082500 0.130000
1 0.425000 0.301250 0.140000 0.137500
1 0.022500 0.895625 0.042500 0.051250
1 0.922500 0.913125 0.155000 0.068750
1 0.143125 0.830000 0.171250 0.097500
1 0.710000 0.635625 0.170000 0.113750
1 0.341250 0.506875 0.147500 0.058750
1 0.812500 0.188125 0.102500 0.058750
1 0.403750 0.736875 0.040000 0.073750
1 0.675625 0.622500 0.198750 0.227500
1 0.600625 0.586875 0.033750 0.036250
1 0.861250 0.118125 0.092500 0.068750
1 0.783750 0.771875 0.192500 0.091250
1 0.598125 0.406250 0.063750 0.225000
1 0.943125 0.081875 0.046250 0.081250
1 0.951875 0.745000 0.088750 0.057500
1 0.420000 0.955625 0.065000 0.081250
1 0.653125 0.173125 0.058750 0.053750
