0 0.229375 0.881875 0.108750 0.116250
0 0.133750 0.955000 0.072500 0.090000
0 0.294375 0.348750 0.066250 0.052500
1 0.885625 0.241250 0.171250 0.105000
1 0.960625 0.606875 0.071250 0.063750
1 0.261875 0.670625 0.088750 0.058750
1 0.450625 0.890000 0.068750 0.062500
1 0.736875 0.809375 0.086250 0.066250
1 0.022500 0.255000 0.042500 0.077500
1 0.101250 0.405000 0.085000 0.052500
1 0.572500 0.883125 0.062500 0.053750
1 0.702500 0.069375 0.070000 0.063750
1 0.205625 0.584375 0.083750 0.056250
1 0.649375 0.483750 0.073750 0.060000
1 0.320000 0.841250 0.050000 0.060000
1 0.690625 0.619375 0.066250 0.053750
1 0.043125 0.130000 0.056250 0.075000
1 0.690000 0.439375 0.055000 0.086250
1 0.450625 0.118125 0.048750 0.071250
1 0.768750 0.449375 0.060000 0.063750
1 0.049375 0.454375 0.068750 0.048750
1 0.052500 0.522500 0.087500 0.045000
1 0.516250 0.715625 0.075000 0.053750
1 0.926250 0.737500 0.050000 0.070000
1 0.966875 0.486250 0.053750 0.057500
1 0.560000 0.496875 0.070000 0.076250
1 0.846250 0.520000 0.100000 0.070000
1 0.171875 0.743125 0.093750 0.051250
1 0.373750 0.374375 0.052500 0.068750
1 0.366250 0.681250 0.057500 0.065000
1 0.781250 0.928125 0.045000 0.063750
1 0.874375 0.919375 0.048750 0.058750
1 0.954375 0.081250 0.066250 0.057500
1 0.545000 0.433125 0.075000 0.073750
1 0.443750 0.688125 0.057500 0.058750
1 0.176875 0.398125 0.058750 0.051250
1 0.590625 0.643750 0.063750 0.052500
1 0.572500 0.695000 0.077500 0.050000
1 0.623750 0.385625 0.057500 0.051250
1 0.399375 0.631250 0.061250 0.050000
1 0.136875 0.540000 0.076250 0.045000
1 0.108750 0.310000 0.057500 0.057500
1 0.381875 0.769375 0.076250 0.053750
1 0.393750 0.306875 0.052500 0.061250
1 0.663750 0.748750 0.047500 0.047500
1 0.445000 0.042500 0.115000 0.057500
1 0.902500 0.584375 0.060000 0.051250
1 0.447500 0.773125 0.062500 0.056250
1 0.135625 0.018750 0.056250 0.035000
1 0.553125 0.563750 0.058750 0.047500
1 0.499375 0.261875 0.046250 0.056250
1 0.749375 0.321250 0.048750 0.047500
1 0.551250 0.328125 0.057500 0.048750
1 0.653125 0.288125 0.073750 0.053750
1 0.642500 0.240625 0.057500 0.053750
1 0.863125 0.453125 0.068750 0.053750
1 0.130000 0.358750 0.055000 0.047500
1 0.080000 0.355000 0.052500 0.050000
1 0.800000 0.743750 0.057500 0.050000
1 0.689375 0.147500 0.038750 0.035000
1 0.205625 0.311875 0.058750 0.053750
1 0.383750 0.148750 0.047500 0.055000
1 0.969375 0.012500 0.058750 0.022500
1 0.013750 0.640625 0.025000 0.051250
1 0.708125 0.236875 0.066250 0.058750
1 0.838750 0.755625 0.040000 0.033750
1 0.737500 0.933750 0.040000 0.050000
1 0.981250 0.346875 0.035000 0.071250
1 0.535000 0.171250 0.055000 0.067500
1 0.662500 0.887500 0.060000 0.065000
1 0.906250 0.430625 0.072500 0.043750
1 0.533125 0.233125 0.046250 0.063750
1 0.448750 0.593750 0.050000 0.045000
