0 0.120625 0.870625 0.176250 0.108750
0 0.795000 0.923125 0.182500 0.153750
0 0.380000 0.908750 0.060000 0.045000
1 0.459375 0.744375 0.108750 0.093750
1 0.968125 0.159375 0.061250 0.103750
1 0.355000 0.576250 0.065000 0.067500
1 0.056875 0.577500 0.083750 0.055000
1 0.240000 0.417500 0.077500 0.057500
1 0.786875 0.324375 0.053750 0.063750
1 0.336250 0.346250 0.060000 0.062500
1 0.225625 0.161875 0.061250 0.063750
1 0.966875 0.525000 0.063750 0.042500
1 0.583750 0.036250 0.057500 0.070000
1 0.147500 0.080625 0.060000 0.051250
1 0.615625 0.654375 0.076250 0.053750
1 0.556875 0.256250 0.058750 0.052500
1 0.308125 0.937500 0.038750 0.057500
1 0.147500 0.713125 0.080000 0.043750
1 0.678125 0.698125 0.048750 0.056250
1 0.604375 0.461250 0.058750 0.055000
1 0.669375 0.118750 0.041250 0.075000
1 0.620625 0.136250 0.058750 0.062500
1 0.188125 0.275000 0.061250 0.060000
1 0.672500 0.310000 0.062500 0.052500
1 0.768125 0.598750 0.046250 0.042500
1 0.786250 0.190625 0.055000 0.043750
1 0.721875 0.186875 0.053750 0.051250
1 0.519375 0.206875 0.081250 0.051250
1 0.496875 0.971250 0.053750 0.057500
1 0.755625 0.881250 0.046250 0.062500
1 0.489375 0.918125 0.061250 0.056250
1 0.206875 0.480000 0.058750 0.045000
1 0.271875 0.791250 0.036250 0.037500
1 0.377500 0.405000 0.045000 0.050000
1 0.852500 0.240625 0.055000 0.051250
1 0.670625 0.988750 0.063750 0.022500
1 0.216250 0.945000 0.042500 0.035000
1 0.191250 0.011875 0.077500 0.021250
