0 0.883750 0.198750 0.077500 0.077500
0 0.961250 0.475625 0.077500 0.086250
0 0.041875 0.133750 0.081250 0.067500
1 0.491250 0.218125 0.077500 0.048750
1 0.288125 0.944375 0.051250 0.108750
1 0.288750 0.226875 0.040000 0.076250
1 0.278125 0.723750 0.041250 0.057500
1 0.221875 0.911250 0.048750 0.072500
1 0.551250 0.828750 0.115000 0.057500
1 0.217500 0.080000 0.120000 0.047500
1 0.255625 0.800625 0.116250 0.043750
1 0.214375 0.211875 0.096250 0.033750
1 0.598125 0.128750 0.101250 0.052500
1 0.465625 0.943750 0.053750 0.110000
