0 0.076875 0.325000 0.151250 0.132500
0 0.431875 0.332500 0.161250 0.140000
0 0.773125 0.361875 0.153750 0.158750
1 0.279375 0.616875 0.091250 0.063750
1 0.779375 0.021875 0.043750 0.041250
1 0.451875 0.570625 0.053750 0.086250
1 0.501875 0.868125 0.053750 0.056250
1 0.421250 0.791875 0.047500 0.058750
1 0.460000 0.809375 0.042500 0.068750
1 0.811875 0.770625 0.046250 0.058750
1 0.196250 0.811250 0.060000 0.065000
1 0.219375 0.027500 0.048750 0.052500
1 0.245000 0.817500 0.045000 0.050000
1 0.918125 0.077500 0.051250 0.057500
1 0.725625 0.062500 0.046250 0.055000
1 0.019375 0.035000 0.036250 0.057500
1 0.156875 0.647500 0.061250 0.052500
1 0.031875 0.741250 0.056250 0.045000
1 0.463750 0.665000 0.060000 0.055000
1 0.953750 0.693750 0.057500 0.047500
1 0.730000 0.148750 0.052500 0.040000
1 0.979375 0.277500 0.041250 0.042500
1 0.845000 0.086875 0.042500 0.043750
1 0.890625 0.758750 0.048750 0.065000
1 0.362500 0.727500 0.042500 0.042500
1 0.858750 0.678750 0.055000 0.047500
1 0.984375 0.078750 0.031250 0.050000
1 0.602500 0.610000 0.055000 0.050000
1 0.101250 0.180000 0.055000 0.050000
1 0.566250 0.104375 0.040000 0.046250
1 0.636875 0.163125 0.053750 0.043750
1 0.345000 0.111250 0.037500 0.040000
1 0.410000 0.195000 0.032500 0.037500
1 0.185625 0.133750 0.051250 0.050000
1 0.907500 0.710000 0.047500 0.045000
1 0.861250 0.726250 0.045000 0.042500
