0 0.586875 0.454375 0.058750 0.073750
0 0.609375 0.972500 0.086250 0.055000
0 0.630000 0.855625 0.075000 0.093750
1 0.068750 0.599375 0.060000 0.051250
1 0.881875 0.569375 0.091250 0.101250
1 0.079375 0.487500 0.063750 0.080000
1 0.155000 0.487500 0.057500 0.130000
1 0.134375 0.850000 0.058750 0.065000
1 0.346250 0.320000 0.057500 0.080000
1 0.394375 0.183125 0.051250 0.061250
1 0.904375 0.185000 0.086250 0.077500
1 0.377500 0.621875 0.057500 0.051250
1 0.890625 0.655625 0.076250 0.048750
1 0.028125 0.304375 0.053750 0.063750
1 0.121875 0.640625 0.056250 0.061250
1 0.157500 0.265000 0.060000 0.115000
1 0.378750 0.974375 0.045000 0.046250
1 0.521875 0.345000 0.053750 0.057500
1 0.435000 0.075000 0.047500 0.072500
1 0.753125 0.448125 0.063750 0.058750
1 0.163750 0.676875 0.047500 0.068750
1 0.502500 0.510625 0.055000 0.086250
1 0.510000 0.033125 0.042500 0.061250
1 0.697500 0.582500 0.055000 0.057500
0 0.634375 0.357500 0.058750 0.052500
1 0.458125 0.260000 0.073750 0.112500
1 0.858750 0.983125 0.057500 0.033750
1 0.083125 0.422500 0.048750 0.072500
1 0.154375 0.103750 0.053750 0.107500
1 0.100000 0.131875 0.062500 0.071250
1 0.135000 0.796875 0.042500 0.043750
1 0.841875 0.311875 0.048750 0.096250
1 0.730000 0.278750 0.057500 0.100000
1 0.474375 0.630000 0.061250 0.055000
1 0.034375 0.843750 0.041250 0.057500
1 0.096875 0.971250 0.103750 0.057500
1 0.438750 0.848750 0.075000 0.087500
1 0.823125 0.453125 0.053750 0.061250
1 0.443750 0.533750 0.042500 0.050000
1 0.699375 0.527500 0.048750 0.065000
1 0.146250 0.371250 0.045000 0.062500
1 0.817500 0.053125 0.057500 0.103750
1 0.055625 0.763750 0.108750 0.065000
1 0.822500 0.875625 0.060000 0.053750
1 0.433750 0.682500 0.042500 0.050000
1 0.324375 0.986875 0.086250 0.023750
1 0.385625 0.729375 0.058750 0.046250
1 0.751875 0.916250 0.053750 0.062500
1 0.807500 0.585625 0.040000 0.046250
1 0.074375 0.813125 0.043750 0.041250
1 0.784375 0.984375 0.046250 0.031250
1 0.471250 0.388750 0.062500 0.090000
1 0.232500 0.329375 0.060000 0.056250
1 0.450625 0.471875 0.053750 0.063750
1 0.761250 0.700000 0.057500 0.135000
1 0.835000 0.559375 0.045000 0.051250
