0 0.605000 0.475000 0.072500 0.077500
0 0.929375 0.388125 0.088750 0.043750
0 0.368125 0.118750 0.061250 0.080000
1 0.340625 0.908125 0.108750 0.131250
1 0.515000 0.231875 0.140000 0.083750
1 0.933750 0.271250 0.072500 0.062500
1 0.965000 0.612500 0.067500 0.075000
1 0.450000 0.096250 0.085000 0.097500
1 0.891250 0.138125 0.097500 0.066250
1 0.635000 0.051250 0.067500 0.072500
1 0.100625 0.738750 0.068750 0.145000
1 0.538750 0.955000 0.050000 0.067500
1 0.367500 0.445000 0.072500 0.072500
1 0.709375 0.691250 0.066250 0.062500
1 0.191250 0.228125 0.082500 0.068750
1 0.877500 0.680625 0.075000 0.056250
1 0.852500 0.851875 0.050000 0.048750
1 0.951250 0.835000 0.057500 0.062500
1 0.509375 0.695625 0.056250 0.056250
1 0.775625 0.714375 0.046250 0.056250
1 0.485000 0.472500 0.085000 0.117500
1 0.232500 0.761250 0.082500 0.062500
1 0.402500 0.619375 0.062500 0.058750
1 0.294375 0.957500 0.083750 0.047500
1 0.507500 0.542500 0.060000 0.055000
1 0.694375 0.381250 0.053750 0.050000
1 0.686875 0.865000 0.048750 0.052500
1 0.708750 0.623125 0.142500 0.058750
1 0.485625 0.588125 0.053750 0.061250
1 0.519375 0.803125 0.051250 0.051250
1 0.860625 0.748125 0.068750 0.048750
1 0.240625 0.701875 0.078750 0.048750
1 0.028750 0.736875 0.055000 0.063750
1 0.460000 0.890000 0.085000 0.060000
1 0.916875 0.225000 0.063750 0.075000
1 0.815000 0.981250 0.057500 0.037500
1 0.896250 0.085625 0.117500 0.068750
1 0.586250 0.226875 0.047500 0.048750
1 0.200625 0.567500 0.073750 0.062500
1 0.803125 0.031250 0.068750 0.057500
1 0.045000 0.329375 0.060000 0.051250
1 0.140625 0.073125 0.036250 0.086250
1 0.719375 0.778125 0.068750 0.093750
1 0.812500 0.279375 0.050000 0.041250
1 0.085000 0.929375 0.130000 0.093750
1 0.191250 0.528750 0.067500 0.090000
1 0.815000 0.648125 0.040000 0.048750
1 0.096250 0.837500 0.060000 0.060000
1 0.773125 0.351875 0.051250 0.043750
1 0.425625 0.719375 0.048750 0.068750
1 0.036250 0.149375 0.070000 0.091250
1 0.847500 0.338750 0.037500 0.037500
1 0.141875 0.921250 0.058750 0.070000
1 0.200625 0.420000 0.041250 0.077500
1 0.207500 0.034375 0.032500 0.066250
