0 0.572500 0.410625 0.080000 0.058750
0 0.910000 0.846875 0.165000 0.166250
1 0.181875 0.383125 0.058750 0.066250
1 0.086875 0.135625 0.066250 0.056250
1 0.164375 0.058125 0.078750 0.053750
1 0.425625 0.725625 0.051250 0.053750
1 0.953125 0.246250 0.051250 0.050000
1 0.356875 0.080000 0.058750 0.062500
1 0.411250 0.781875 0.035000 0.046250
1 0.267500 0.480000 0.052500 0.045000
1 0.392500 0.337500 0.042500 0.050000
1 0.489375 0.690625 0.041250 0.048750
1 0.610000 0.774375 0.037500 0.036250
1 0.696875 0.841250 0.043750 0.057500
1 0.630625 0.149375 0.043750 0.056250
1 0.352500 0.728750 0.042500 0.050000
1 0.798125 0.585625 0.061250 0.043750
1 0.792500 0.166250 0.052500 0.045000
1 0.020000 0.719375 0.037500 0.048750
1 0.306250 0.101250 0.047500 0.040000
1 0.235625 0.206875 0.053750 0.046250
1 0.095625 0.072500 0.043750 0.040000
1 0.562500 0.618125 0.057500 0.041250
1 0.893125 0.150000 0.046250 0.032500
1 0.695000 0.646875 0.045000 0.043750
1 0.361875 0.174375 0.046250 0.043750
1 0.721875 0.534375 0.043750 0.036250
1 0.553750 0.070000 0.032500 0.032500
1 0.546875 0.575625 0.036250 0.028750
1 0.390000 0.605625 0.040000 0.033750
1 0.990000 0.050000 0.020000 0.040000
1 0.470625 0.253125 0.036250 0.036250
1 0.701250 0.204375 0.027500 0.028750
1 0.806250 0.363750 0.032500 0.032500
1 0.827500 0.620625 0.035000 0.031250
0 0.046875 0.321875 0.091250 0.086250
0 0.964375 0.399375 0.071250 0.096250
0 0.843125 0.528750 0.178750 0.087500
0 0.906250 0.601250 0.112500 0.085000
0 0.860000 0.353125 0.082500 0.103750
0 0.785000 0.791875 0.095000 0.083750
0 0.750625 0.839375 0.051250 0.043750
0 0.616875 0.480000 0.073750 0.057500
