0 0.170625 0.655625 0.088750 0.066250
0 0.738750 0.029375 0.087500 0.056250
0 0.153750 0.037500 0.105000 0.072500
1 0.425625 0.105000 0.071250 0.080000
1 0.786875 0.899375 0.056250 0.061250
1 0.040625 0.478750 0.053750 0.055000
1 0.937500 0.403750 0.047500 0.067500
1 0.929375 0.775625 0.058750 0.056250
1 0.961875 0.488125 0.068750 0.056250
1 0.207500 0.055625 0.047500 0.061250
1 0.162500 0.966250 0.065000 0.067500
1 0.458750 0.850000 0.055000 0.057500
1 0.505625 0.770625 0.056250 0.051250
1 0.560000 0.849375 0.042500 0.048750
1 0.558750 0.388750 0.035000 0.047500
1 0.248750 0.508125 0.040000 0.048750
1 0.576250 0.747500 0.040000 0.040000
1 0.979375 0.868125 0.038750 0.041250
1 0.056250 0.978750 0.065000 0.040000
1 0.131250 0.155000 0.050000 0.047500
1 0.982500 0.746875 0.032500 0.043750
1 0.362500 0.983125 0.052500 0.033750
1 0.798125 0.440000 0.058750 0.052500
1 0.511875 0.033750 0.048750 0.065000
1 0.238125 0.848125 0.038750 0.041250
1 0.951875 0.554375 0.058750 0.046250
1 0.180000 0.765625 0.042500 0.043750
1 0.551875 0.313125 0.041250 0.051250
1 0.942500 0.274375 0.057500 0.048750
1 0.591875 0.404375 0.046250 0.118750
1 0.488750 0.680000 0.037500 0.045000
1 0.440625 0.769375 0.051250 0.048750
1 0.966250 0.968125 0.045000 0.036250
1 0.415000 0.809375 0.047500 0.043750
1 0.232500 0.969375 0.052500 0.051250
1 0.841875 0.343750 0.061250 0.065000
1 0.295625 0.425000 0.063750 0.050000
1 0.311875 0.277500 0.048750 0.062500
1 0.270625 0.766250 0.046250 0.052500
1 0.908750 0.121875 0.047500 0.066250
1 0.961875 0.685625 0.043750 0.041250
1 0.451250 0.195000 0.040000 0.052500
1 0.214375 0.345000 0.038750 0.042500
1 0.514375 0.378750 0.036250 0.045000
1 0.226250 0.200000 0.052500 0.100000
1 0.572500 0.513750 0.037500 0.047500
1 0.094375 0.816250 0.063750 0.035000
1 0.916250 0.348750 0.047500 0.050000
1 0.908125 0.829375 0.046250 0.036250
1 0.923125 0.880000 0.048750 0.045000
1 0.563750 0.195625 0.037500 0.046250
1 0.160000 0.850000 0.060000 0.072500
1 0.288750 0.540000 0.032500 0.035000
1 0.893750 0.512500 0.052500 0.040000
1 0.461250 0.017500 0.047500 0.032500
1 0.027500 0.158750 0.042500 0.040000
1 0.551250 0.427500 0.037500 0.042500
1 0.415000 0.016250 0.052500 0.030000
0 0.656250 0.770000 0.032500 0.055000
1 0.293750 0.496250 0.040000 0.047500
1 0.615625 0.483750 0.036250 0.045000
1 0.983125 0.100000 0.031250 0.050000
1 0.244375 0.043125 0.041250 0.066250
1 0.472500 0.491250 0.040000 0.035000
1 0.756250 0.520000 0.057500 0.037500
1 0.828125 0.723125 0.036250 0.038750
1 0.179375 0.371875 0.041250 0.051250
1 0.898750 0.021875 0.042500 0.041250
1 0.950625 0.628125 0.041250 0.036250
1 0.176875 0.348750 0.043750 0.080000
1 0.956875 0.596250 0.041250 0.032500
1 0.258125 0.266875 0.046250 0.051250
1 0.282500 0.036250 0.035000 0.042500
1 0.558125 0.031250 0.038750 0.045000
1 0.968750 0.151250 0.052500 0.042500
1 0.266875 0.786250 0.038750 0.037500
1 0.524375 0.690000 0.036250 0.035000
