0 0.275625 0.515625 0.153750 0.138750
0 0.530625 0.963125 0.093750 0.073750
0 0.405625 0.410000 0.083750 0.135000
0 0.276250 0.346875 0.032500 0.033750
0 0.078125 0.078750 0.031250 0.032500
1 0.125000 0.616875 0.080000 0.066250
1 0.116875 0.725000 0.073750 0.075000
1 0.823750 0.796875 0.090000 0.041250
1 0.850625 0.581250 0.128750 0.050000
1 0.735625 0.355000 0.098750 0.055000
1 0.775625 0.241875 0.048750 0.041250
1 0.386875 0.196875 0.041250 0.076250
1 0.021250 0.742500 0.040000 0.075000
1 0.958125 0.392500 0.081250 0.065000
1 0.873750 0.966250 0.097500 0.055000
1 0.871875 0.856875 0.083750 0.051250
1 0.068750 0.296875 0.037500 0.061250
