0 0.030000 0.838750 0.042500 0.045000
0 0.361250 0.772500 0.055000 0.055000
1 0.118750 0.875000 0.075000 0.125000
1 0.932500 0.952500 0.072500 0.072500
1 0.033125 0.744375 0.063750 0.096250
1 0.838125 0.852500 0.061250 0.097500
1 0.209375 0.285000 0.061250 0.115000
1 0.425625 0.816250 0.073750 0.070000
1 0.356250 0.955625 0.065000 0.083750
1 0.273125 0.133750 0.108750 0.067500
1 0.634375 0.883750 0.071250 0.072500
1 0.323750 0.019375 0.057500 0.036250
1 0.715000 0.376875 0.077500 0.056250
1 0.378750 0.271875 0.060000 0.096250
1 0.650000 0.224375 0.055000 0.073750
1 0.930000 0.621875 0.137500 0.073750
1 0.186250 0.811250 0.040000 0.070000
1 0.968125 0.831875 0.061250 0.083750
1 0.978125 0.156250 0.043750 0.060000
1 0.142500 0.516875 0.060000 0.048750
1 0.838125 0.250000 0.058750 0.065000
1 0.268750 0.835625 0.057500 0.058750
1 0.073125 0.318750 0.136250 0.132500
1 0.579375 0.162500 0.058750 0.097500
1 0.228125 0.774375 0.066250 0.068750
1 0.300000 0.721875 0.057500 0.061250
1 0.425625 0.018750 0.053750 0.035000
1 0.064375 0.701250 0.051250 0.070000
1 0.326875 0.266250 0.051250 0.067500
1 0.835625 0.142500 0.128750 0.077500
1 0.728750 0.257500 0.050000 0.052500
1 0.345000 0.628750 0.062500 0.055000
1 0.729375 0.753750 0.078750 0.065000
1 0.518125 0.193750 0.051250 0.060000
1 0.159375 0.689375 0.056250 0.063750
1 0.135000 0.075625 0.067500 0.051250
1 0.652500 0.627500 0.050000 0.060000
1 0.420000 0.168750 0.070000 0.052500
1 0.692500 0.106875 0.060000 0.058750
1 0.230000 0.712500 0.062500 0.052500
1 0.920000 0.323750 0.080000 0.060000
1 0.683750 0.851250 0.065000 0.060000
1 0.110625 0.569375 0.116250 0.073750
1 0.151875 0.910625 0.041250 0.063750
1 0.558125 0.220625 0.076250 0.073750
1 0.721250 0.839375 0.057500 0.051250
1 0.690000 0.155625 0.065000 0.063750
1 0.560625 0.742500 0.061250 0.067500
1 0.143125 0.580000 0.056250 0.055000
