0 0.645625 0.406250 0.058750 0.057500
0 0.039375 0.256250 0.066250 0.047500
0 0.863125 0.373750 0.063750 0.065000
1 0.275000 0.823750 0.075000 0.070000
1 0.444375 0.386250 0.063750 0.090000
1 0.973750 0.686875 0.050000 0.093750
1 0.166250 0.856250 0.062500 0.077500
1 0.860625 0.018125 0.096250 0.033750
1 0.515625 0.947500 0.068750 0.055000
1 0.415625 0.905000 0.066250 0.065000
1 0.036250 0.826250 0.070000 0.065000
1 0.905625 0.171875 0.058750 0.051250
1 0.975000 0.936250 0.047500 0.072500
1 0.033125 0.470625 0.056250 0.058750
1 0.149375 0.393125 0.061250 0.071250
1 0.708750 0.093125 0.067500 0.056250
1 0.187500 0.027500 0.060000 0.052500
1 0.552500 0.505000 0.065000 0.070000
1 0.013125 0.911875 0.023750 0.066250
1 0.453750 0.058750 0.052500 0.065000
1 0.042500 0.893750 0.052500 0.057500
1 0.019375 0.969375 0.036250 0.051250
1 0.360000 0.508750 0.057500 0.057500
1 0.515625 0.120000 0.041250 0.055000
1 0.422500 0.521250 0.060000 0.065000
1 0.683125 0.928125 0.068750 0.058750
1 0.010000 0.221250 0.017500 0.095000
1 0.135625 0.455625 0.063750 0.056250
1 0.806875 0.953125 0.073750 0.063750
1 0.151875 0.483125 0.058750 0.048750
1 0.014375 0.483750 0.026250 0.075000
1 0.552500 0.427500 0.047500 0.062500
1 0.197500 0.951250 0.045000 0.050000
1 0.438750 0.010625 0.055000 0.018750
