0 0.586875 0.606250 0.063750 0.065000
0 0.663750 0.830625 0.047500 0.048750
0 0.125000 0.349375 0.052500 0.041250
1 0.885000 0.404375 0.147500 0.068750
1 0.406250 0.159375 0.047500 0.048750
1 0.066250 0.568125 0.097500 0.113750
1 0.060000 0.675625 0.102500 0.166250
1 0.706875 0.052500 0.201250 0.055000
1 0.820000 0.266875 0.107500 0.156250
1 0.206875 0.601250 0.066250 0.065000
1 0.432500 0.556250 0.037500 0.042500
1 0.191250 0.663125 0.047500 0.038750
1 0.910000 0.603125 0.142500 0.131250
1 0.377500 0.503125 0.075000 0.201250
1 0.308125 0.428750 0.063750 0.090000
1 0.745625 0.270625 0.076250 0.086250
1 0.504375 0.431875 0.053750 0.193750
1 0.541250 0.088750 0.067500 0.052500
1 0.465000 0.300625 0.067500 0.298750
