0 0.675000 0.037500 0.100000 0.072500
0 0.621250 0.139375 0.060000 0.038750
0 0.624375 0.242500 0.033750 0.035000
1 0.218125 0.701875 0.066250 0.088750
1 0.289375 0.798750 0.078750 0.110000
1 0.882500 0.603750 0.050000 0.080000
1 0.201250 0.766250 0.085000 0.050000
1 0.733125 0.956250 0.076250 0.085000
1 0.726250 0.366250 0.070000 0.080000
1 0.932500 0.802500 0.062500 0.085000
1 0.061250 0.073125 0.120000 0.053750
1 0.282500 0.369375 0.090000 0.056250
1 0.066250 0.970000 0.130000 0.052500
1 0.920625 0.683750 0.056250 0.072500
1 0.838125 0.270625 0.061250 0.058750
1 0.303750 0.489375 0.047500 0.088750
1 0.659375 0.621875 0.088750 0.056250
1 0.843750 0.025000 0.057500 0.047500
1 0.269375 0.411875 0.048750 0.043750
1 0.236250 0.627500 0.080000 0.055000
1 0.202500 0.320000 0.107500 0.037500
1 0.863125 0.373750 0.068750 0.067500
1 0.909375 0.100625 0.058750 0.056250
1 0.342500 0.923125 0.077500 0.051250
1 0.977500 0.431250 0.045000 0.040000
1 0.339375 0.030625 0.046250 0.058750
1 0.833125 0.458750 0.038750 0.062500
1 0.720000 0.813750 0.062500 0.047500
1 0.323750 0.175625 0.052500 0.041250
1 0.408750 0.328750 0.050000 0.050000
1 0.518125 0.060000 0.058750 0.037500
1 0.356250 0.858750 0.050000 0.045000
1 0.908125 0.265625 0.058750 0.058750
1 0.973125 0.213750 0.043750 0.042500
1 0.715625 0.493750 0.053750 0.050000
1 0.976250 0.340000 0.045000 0.037500
1 0.863750 0.952500 0.047500 0.070000
1 0.177500 0.444375 0.050000 0.036250
1 0.241875 0.451250 0.043750 0.032500
1 0.253125 0.907500 0.043750 0.052500
1 0.456875 0.011875 0.043750 0.021250
1 0.473125 0.416875 0.038750 0.031250
1 0.259375 0.581250 0.061250 0.070000
1 0.876250 0.910000 0.057500 0.040000
1 0.700625 0.923750 0.056250 0.040000
1 0.810000 0.201250 0.035000 0.032500
1 0.785000 0.240625 0.062500 0.038750
