0 0.316875 0.531875 0.143750 0.126250
0 0.384375 0.791875 0.071250 0.048750
0 0.404375 0.501250 0.063750 0.065000
1 0.092500 0.450000 0.105000 0.107500
1 0.564375 0.680000 0.123750 0.102500
1 0.058125 0.236875 0.096250 0.126250
1 0.968125 0.521250 0.063750 0.082500
1 0.599375 0.263125 0.093750 0.111250
1 0.023750 0.571250 0.045000 0.052500
1 0.786875 0.910000 0.073750 0.145000
1 0.623750 0.957500 0.087500 0.082500
1 0.911875 0.682500 0.133750 0.067500
1 0.151875 0.831875 0.128750 0.076250
1 0.670000 0.460625 0.055000 0.096250
1 0.976250 0.098750 0.047500 0.117500
1 0.530000 0.838125 0.062500 0.088750
1 0.532500 0.476875 0.055000 0.138750
1 0.278750 0.118750 0.112500 0.045000
1 0.873750 0.386250 0.067500 0.065000
1 0.364375 0.170625 0.061250 0.113750
1 0.596250 0.025625 0.055000 0.048750
1 0.963125 0.880625 0.073750 0.116250
1 0.187500 0.203750 0.052500 0.067500
1 0.024375 0.276250 0.046250 0.045000
1 0.695000 0.136875 0.075000 0.171250
