0 0.121250 0.516875 0.032500 0.036250
0 0.355000 0.501875 0.042500 0.043750
0 0.673750 0.474375 0.037500 0.048750
1 0.141875 0.924375 0.058750 0.118750
1 0.738125 0.740000 0.108750 0.070000
1 0.898750 0.336250 0.052500 0.142500
1 0.234375 0.929375 0.073750 0.056250
1 0.853125 0.281875 0.043750 0.068750
1 0.417500 0.858750 0.045000 0.055000
1 0.922500 0.760625 0.060000 0.081250
1 0.276875 0.325625 0.071250 0.056250
1 0.663750 0.926875 0.127500 0.111250
1 0.490000 0.336250 0.067500 0.077500
1 0.645000 0.223750 0.060000 0.097500
1 0.229375 0.103750 0.053750 0.085000
1 0.301250 0.767500 0.090000 0.055000
1 0.951250 0.243750 0.087500 0.045000
1 0.220000 0.176250 0.050000 0.057500
1 0.231250 0.246250 0.075000 0.060000
1 0.139375 0.120625 0.068750 0.058750
1 0.033750 0.225000 0.065000 0.102500
1 0.491250 0.828125 0.070000 0.048750
1 0.855000 0.066875 0.062500 0.053750
1 0.592500 0.133125 0.095000 0.063750
1 0.913750 0.911875 0.047500 0.053750
1 0.796250 0.138125 0.095000 0.053750
1 0.168750 0.785000 0.080000 0.050000
1 0.623750 0.345625 0.060000 0.058750
1 0.409375 0.113125 0.071250 0.051250
1 0.080000 0.895625 0.067500 0.071250
1 0.476250 0.225000 0.120000 0.085000
1 0.408750 0.636875 0.065000 0.056250
1 0.531875 0.182500 0.056250 0.080000
1 0.558750 0.337500 0.035000 0.060000
1 0.088125 0.948750 0.056250 0.070000
1 0.436250 0.165000 0.077500 0.040000
1 0.094375 0.090625 0.086250 0.056250
1 0.879375 0.733750 0.048750 0.045000
1 0.861875 0.693750 0.058750 0.045000
1 0.851875 0.358125 0.046250 0.078750
1 0.572500 0.886250 0.072500 0.065000
1 0.845000 0.845625 0.070000 0.083750
1 0.498750 0.874375 0.047500 0.078750
1 0.392500 0.040000 0.075000 0.060000
1 0.757500 0.804375 0.102500 0.081250
1 0.380000 0.706875 0.092500 0.091250
1 0.881250 0.186875 0.085000 0.053750
1 0.341875 0.671250 0.046250 0.045000
1 0.408125 0.303750 0.053750 0.062500
1 0.684375 0.301875 0.058750 0.063750
1 0.588750 0.271875 0.042500 0.068750
1 0.738125 0.058750 0.068750 0.045000
1 0.262500 0.159375 0.040000 0.038750
1 0.710000 0.248750 0.042500 0.050000
