0 0.840000 0.385625 0.045000 0.046250
0 0.736875 0.329375 0.053750 0.043750
0 0.841875 0.467500 0.033750 0.032500
1 0.853125 0.606875 0.211250 0.158750
1 0.593125 0.588750 0.063750 0.187500
1 0.893125 0.701875 0.173750 0.103750
1 0.513125 0.187500 0.123750 0.185000
1 0.679375 0.750625 0.088750 0.116250
1 0.709375 0.566250 0.093750 0.100000
1 0.628750 0.189375 0.065000 0.148750
1 0.245000 0.263125 0.212500 0.061250
1 0.072500 0.300000 0.107500 0.082500
1 0.621250 0.353125 0.177500 0.073750
1 0.352500 0.521250 0.210000 0.060000
1 0.687500 0.161875 0.060000 0.116250
1 0.146250 0.936875 0.060000 0.123750
1 0.063125 0.091250 0.123750 0.060000
1 0.072500 0.159375 0.142500 0.106250
1 0.349375 0.846250 0.223750 0.060000
1 0.739375 0.950625 0.098750 0.098750
1 0.146875 0.825000 0.068750 0.057500
1 0.186250 0.933750 0.040000 0.090000
1 0.472500 0.578125 0.115000 0.051250
1 0.328125 0.726875 0.138750 0.071250
1 0.689375 0.040625 0.073750 0.078750
1 0.480625 0.732500 0.098750 0.077500
1 0.390625 0.776250 0.116250 0.040000
1 0.611875 0.966875 0.068750 0.063750
1 0.141875 0.401250 0.081250 0.152500
1 0.228750 0.428750 0.135000 0.077500
1 0.746250 0.467500 0.057500 0.045000
1 0.113125 0.481250 0.103750 0.067500
1 0.573125 0.935625 0.058750 0.063750
1 0.034375 0.845000 0.066250 0.090000
