0 0.108125 0.023125 0.066250 0.043750
0 0.030625 0.961250 0.058750 0.062500
0 0.098750 0.964375 0.055000 0.056250
1 0.680000 0.335625 0.082500 0.131250
1 0.812500 0.351875 0.102500 0.051250
1 0.791250 0.508125 0.072500 0.088750
1 0.350625 0.323750 0.096250 0.170000
1 0.525000 0.640000 0.140000 0.072500
1 0.600625 0.333125 0.066250 0.118750
1 0.205000 0.358750 0.142500 0.122500
1 0.735000 0.876875 0.120000 0.051250
1 0.447500 0.955625 0.127500 0.086250
1 0.355000 0.640000 0.132500 0.072500
1 0.535625 0.558125 0.048750 0.111250
1 0.403125 0.065625 0.101250 0.128750
1 0.775625 0.943750 0.103750 0.110000
1 0.689375 0.628125 0.101250 0.308750
1 0.048125 0.168750 0.076250 0.102500
1 0.915000 0.878750 0.052500 0.070000
1 0.216250 0.904375 0.095000 0.176250
1 0.605000 0.773125 0.052500 0.103750
1 0.504375 0.833125 0.058750 0.058750
1 0.204375 0.176250 0.128750 0.042500
1 0.576250 0.401875 0.215000 0.151250
1 0.233750 0.259375 0.100000 0.056250
1 0.490625 0.220000 0.148750 0.070000
1 0.409375 0.678750 0.048750 0.040000
1 0.904375 0.520000 0.053750 0.080000
1 0.032500 0.706250 0.062500 0.052500
1 0.969375 0.355625 0.061250 0.168750
1 0.732500 0.227500 0.085000 0.120000
1 0.657500 0.022500 0.080000 0.042500
1 0.868125 0.173750 0.158750 0.050000
1 0.338750 0.702500 0.047500 0.062500
1 0.527500 0.968125 0.077500 0.061250
1 0.211875 0.780625 0.078750 0.051250
1 0.054375 0.448125 0.043750 0.096250
1 0.023125 0.783125 0.043750 0.076250
1 0.670000 0.976875 0.075000 0.046250
1 0.973125 0.467500 0.053750 0.067500
1 0.527500 0.178750 0.117500 0.045000
1 0.758125 0.161875 0.096250 0.048750
1 0.298125 0.025625 0.046250 0.048750
1 0.144375 0.696875 0.061250 0.091250
1 0.831875 0.171875 0.243750 0.066250
1 0.283125 0.915625 0.128750 0.113750
