0 0.601250 0.944375 0.125000 0.111250
0 0.598750 0.335000 0.050000 0.050000
0 0.572500 0.020625 0.060000 0.038750
1 0.898750 0.846250 0.052500 0.065000
1 0.335625 0.875625 0.118750 0.113750
1 0.836875 0.836250 0.058750 0.080000
1 0.316875 0.206250 0.086250 0.072500
1 0.929375 0.083750 0.076250 0.082500
1 0.291250 0.596875 0.142500 0.066250
1 0.882500 0.055625 0.070000 0.108750
1 0.570625 0.021875 0.061250 0.041250
1 0.961250 0.934375 0.077500 0.053750
1 0.051875 0.759375 0.071250 0.123750
1 0.927500 0.161875 0.075000 0.078750
1 0.923750 0.785000 0.072500 0.045000
1 0.379375 0.105625 0.068750 0.098750
1 0.921875 0.956250 0.056250 0.087500
1 0.541875 0.615000 0.061250 0.062500
1 0.413125 0.857500 0.081250 0.182500
1 0.508125 0.399375 0.051250 0.058750
1 0.415625 0.212500 0.041250 0.060000
1 0.374375 0.408750 0.063750 0.057500
1 0.936875 0.251250 0.063750 0.075000
1 0.939375 0.388125 0.073750 0.056250
1 0.975000 0.274375 0.047500 0.058750
1 0.456875 0.950625 0.058750 0.096250
1 0.854375 0.030000 0.043750 0.057500
1 0.942500 0.643750 0.057500 0.060000
1 0.883125 0.515625 0.056250 0.053750
1 0.390625 0.537500 0.053750 0.052500
1 0.891250 0.334375 0.060000 0.058750
1 0.434375 0.558750 0.068750 0.092500
1 0.454375 0.390000 0.063750 0.055000
1 0.510625 0.239375 0.046250 0.073750
1 0.353750 0.731875 0.105000 0.063750
1 0.972500 0.535625 0.055000 0.053750
1 0.947500 0.532500 0.042500 0.052500
1 0.344375 0.526250 0.058750 0.045000
1 0.889375 0.644375 0.053750 0.046250
1 0.980625 0.653125 0.038750 0.048750
1 0.017500 0.105000 0.032500 0.065000
1 0.465000 0.223125 0.060000 0.101250
