0 0.270000 0.289375 0.035000 0.036250
0 0.741250 0.543750 0.057500 0.070000
0 0.850625 0.536250 0.043750 0.052500
1 0.593125 0.695000 0.056250 0.040000
1 0.689375 0.943750 0.036250 0.060000
1 0.168125 0.916250 0.068750 0.055000
1 0.445000 0.368750 0.062500 0.042500
1 0.146875 0.653125 0.058750 0.048750
1 0.171250 0.348125 0.062500 0.038750
1 0.146875 0.134375 0.058750 0.043750
1 0.952500 0.693750 0.045000 0.040000
1 0.665625 0.041875 0.036250 0.033750
1 0.848125 0.050000 0.061250 0.047500
1 0.327500 0.065625 0.062500 0.041250
1 0.221250 0.833750 0.057500 0.032500
1 0.495625 0.775625 0.053750 0.031250
1 0.547500 0.776250 0.057500 0.037500
1 0.205000 0.283750 0.065000 0.050000
1 0.073125 0.280625 0.046250 0.046250
