0 0.331875 0.388125 0.141250 0.098750
0 0.963750 0.258125 0.072500 0.113750
0 0.573750 0.961875 0.145000 0.076250
1 0.421875 0.836250 0.048750 0.052500
1 0.393125 0.032500 0.061250 0.062500
1 0.121875 0.746875 0.066250 0.068750
1 0.036250 0.680000 0.045000 0.042500
1 0.372500 0.797500 0.045000 0.050000
1 0.049375 0.809375 0.063750 0.048750
1 0.967500 0.735625 0.042500 0.056250
1 0.150625 0.695000 0.061250 0.045000
1 0.411875 0.104375 0.043750 0.051250
1 0.183125 0.638750 0.048750 0.045000
1 0.823750 0.678125 0.052500 0.038750
1 0.753125 0.098125 0.056250 0.041250
1 0.165000 0.062500 0.055000 0.042500
1 0.221875 0.027500 0.056250 0.050000
1 0.317500 0.663125 0.045000 0.041250
1 0.900625 0.687500 0.038750 0.037500
1 0.040625 0.730625 0.038750 0.038750
1 0.691875 0.636250 0.031250 0.035000
1 0.382500 0.706250 0.035000 0.040000
1 0.161875 0.794375 0.038750 0.048750
1 0.329375 0.723750 0.038750 0.042500
1 0.540000 0.705625 0.035000 0.033750
1 0.602500 0.027500 0.045000 0.040000
1 0.643125 0.123125 0.036250 0.036250
1 0.433125 0.645000 0.061250 0.052500
