0 0.275625 0.265000 0.158750 0.152500
0 0.413125 0.329375 0.106250 0.113750
0 0.182500 0.493750 0.067500 0.080000
0 0.863125 0.161250 0.091250 0.092500
1 0.076875 0.453750 0.113750 0.115000
1 0.331250 0.766875 0.112500 0.068750
1 0.738125 0.826250 0.053750 0.062500
1 0.850000 0.587500 0.065000 0.052500
1 0.545625 0.190625 0.068750 0.088750
1 0.934375 0.208750 0.041250 0.077500
1 0.645625 0.513750 0.083750 0.070000
1 0.118125 0.720625 0.096250 0.058750
1 0.320000 0.660000 0.095000 0.047500
1 0.195625 0.585625 0.096250 0.061250
1 0.626250 0.169375 0.045000 0.051250
1 0.826875 0.879375 0.088750 0.151250
1 0.418750 0.726250 0.067500 0.037500
1 0.961875 0.277500 0.033750 0.080000
1 0.419375 0.671250 0.071250 0.032500
1 0.284375 0.728750 0.173750 0.075000
1 0.960625 0.601250 0.048750 0.045000
1 0.488750 0.308750 0.032500 0.067500
1 0.111875 0.853125 0.048750 0.048750
1 0.753750 0.631250 0.047500 0.072500
