0 0.813750 0.848125 0.092500 0.116250
0 0.574375 0.045000 0.113750 0.087500
0 0.906875 0.561250 0.186250 0.257500
1 0.258125 0.157500 0.051250 0.052500
1 0.061875 0.699375 0.056250 0.093750
1 0.141250 0.576875 0.060000 0.073750
1 0.272500 0.106250 0.055000 0.062500
1 0.319375 0.548750 0.056250 0.062500
1 0.350000 0.232500 0.077500 0.050000
1 0.025000 0.271250 0.047500 0.080000
1 0.973125 0.248750 0.048750 0.042500
1 0.155000 0.740000 0.057500 0.087500
1 0.214375 0.057500 0.071250 0.062500
1 0.176250 0.370625 0.040000 0.053750
1 0.241875 0.579375 0.048750 0.056250
1 0.264375 0.650000 0.068750 0.060000
1 0.218125 0.244375 0.063750 0.046250
1 0.078125 0.354375 0.076250 0.076250
1 0.302500 0.385625 0.107500 0.058750
1 0.368750 0.440625 0.047500 0.038750
1 0.027500 0.382500 0.047500 0.072500
1 0.035625 0.475000 0.053750 0.062500
1 0.209375 0.125000 0.081250 0.077500
1 0.348750 0.649375 0.062500 0.066250
0 0.723750 0.466875 0.257500 0.208750
0 0.681250 0.298125 0.247500 0.133750
