0 0.925625 0.175625 0.101250 0.091250
0 0.956250 0.978750 0.087500 0.042500
0 0.031875 0.031875 0.061250 0.061250
1 0.576875 0.123125 0.116250 0.098750
1 0.941875 0.660625 0.113750 0.078750
1 0.793125 0.316875 0.091250 0.033750
1 0.285000 0.241875 0.060000 0.051250
1 0.433750 0.617500 0.102500 0.052500
1 0.605000 0.563125 0.082500 0.086250
1 0.786250 0.715000 0.055000 0.067500
1 0.478125 0.785000 0.053750 0.090000
1 0.193750 0.615625 0.060000 0.038750
1 0.710625 0.439375 0.098750 0.066250
1 0.264375 0.914375 0.103750 0.051250
1 0.110000 0.986250 0.117500 0.027500
1 0.680000 0.921875 0.072500 0.061250
