0 0.589375 0.721250 0.078750 0.077500
0 0.485625 0.074375 0.091250 0.091250
0 0.584375 0.082500 0.053750 0.055000
1 0.420625 0.741250 0.128750 0.107500
1 0.930625 0.932500 0.116250 0.090000
1 0.406250 0.398750 0.085000 0.070000
1 0.764375 0.300625 0.058750 0.071250
1 0.702500 0.250625 0.072500 0.073750
1 0.758125 0.955000 0.071250 0.087500
1 0.717500 0.686875 0.057500 0.058750
1 0.239375 0.378125 0.063750 0.138750
1 0.830000 0.291875 0.080000 0.051250
1 0.096250 0.143125 0.087500 0.048750
1 0.030625 0.244375 0.058750 0.048750
1 0.560625 0.899375 0.056250 0.071250
1 0.608750 0.323125 0.080000 0.101250
1 0.837500 0.908750 0.050000 0.065000
1 0.801875 0.378750 0.086250 0.102500
1 0.978750 0.905000 0.042500 0.087500
1 0.238750 0.712500 0.060000 0.102500
1 0.031250 0.135625 0.060000 0.068750
1 0.852500 0.487500 0.055000 0.062500
1 0.590000 0.978750 0.060000 0.042500
1 0.018125 0.742500 0.033750 0.095000
1 0.696875 0.593125 0.053750 0.056250
1 0.725000 0.366875 0.057500 0.078750
1 0.946875 0.071875 0.098750 0.076250
1 0.637500 0.521875 0.052500 0.051250
1 0.983125 0.809375 0.033750 0.091250
1 0.796250 0.481875 0.060000 0.056250
1 0.063125 0.739375 0.073750 0.061250
1 0.698750 0.335625 0.080000 0.061250
1 0.031875 0.990000 0.061250 0.020000
1 0.034375 0.846250 0.066250 0.077500
1 0.986250 0.408125 0.027500 0.076250
1 0.806875 0.076875 0.078750 0.053750
1 0.842500 0.397500 0.062500 0.057500
1 0.669375 0.958125 0.056250 0.081250
1 0.786250 0.034375 0.092500 0.066250
1 0.228125 0.023125 0.061250 0.043750
1 0.035000 0.696250 0.062500 0.060000
