0 0.093125 0.059375 0.183750 0.116250
0 0.637500 0.423750 0.037500 0.045000
0 0.906875 0.945000 0.056250 0.057500
1 0.433750 0.850625 0.092500 0.133750
1 0.943125 0.064375 0.111250 0.126250
1 0.159375 0.469375 0.103750 0.111250
1 0.075625 0.694375 0.073750 0.173750
1 0.441875 0.221875 0.088750 0.073750
1 0.230625 0.803125 0.183750 0.091250
1 0.475000 0.911875 0.075000 0.096250
1 0.433750 0.571250 0.135000 0.090000
1 0.273750 0.623125 0.085000 0.093750
1 0.887500 0.531250 0.080000 0.155000
1 0.047500 0.797500 0.092500 0.095000
1 0.691875 0.961875 0.063750 0.051250
1 0.533125 0.825000 0.063750 0.085000
1 0.730625 0.710625 0.068750 0.081250
1 0.355000 0.967500 0.100000 0.065000
1 0.146875 0.930625 0.103750 0.058750
1 0.024375 0.540625 0.046250 0.138750
1 0.291250 0.929375 0.120000 0.086250
1 0.903750 0.941875 0.062500 0.056250
1 0.399375 0.328125 0.088750 0.056250
1 0.683750 0.175000 0.097500 0.105000
1 0.577500 0.228750 0.112500 0.047500
1 0.545625 0.093750 0.033750 0.145000
1 0.666250 0.043125 0.092500 0.083750
1 0.903750 0.281875 0.192500 0.063750
1 0.865000 0.311250 0.107500 0.090000
1 0.856250 0.646250 0.182500 0.080000
1 0.558750 0.656875 0.162500 0.086250
