0 0.173125 0.509375 0.101250 0.066250
0 0.788125 0.464375 0.033750 0.038750
0 0.916250 0.491250 0.087500 0.075000
1 0.154375 0.118125 0.136250 0.078750
1 0.705625 0.144375 0.088750 0.081250
1 0.492500 0.628750 0.080000 0.110000
1 0.139375 0.410000 0.101250 0.132500
1 0.231250 0.035625 0.105000 0.063750
1 0.223750 0.394375 0.090000 0.096250
1 0.426875 0.328750 0.088750 0.080000
1 0.733750 0.378125 0.087500 0.083750
1 0.460000 0.281875 0.095000 0.098750
1 0.741875 0.621250 0.073750 0.070000
1 0.196875 0.901875 0.128750 0.113750
1 0.285625 0.246875 0.103750 0.068750
1 0.772500 0.349375 0.087500 0.076250
1 0.610000 0.186250 0.070000 0.115000
1 0.475625 0.073125 0.051250 0.093750
1 0.777500 0.080625 0.055000 0.143750
1 0.303125 0.788125 0.136250 0.068750
1 0.496875 0.206875 0.093750 0.051250
1 0.844375 0.245000 0.061250 0.042500
1 0.494375 0.704375 0.061250 0.073750
1 0.265000 0.745000 0.085000 0.050000
1 0.166875 0.790000 0.111250 0.055000
1 0.609375 0.861250 0.076250 0.057500
1 0.392500 0.460625 0.070000 0.108750
1 0.660625 0.425000 0.048750 0.110000
1 0.720625 0.811250 0.061250 0.085000
1 0.098750 0.216875 0.092500 0.041250
1 0.450000 0.807500 0.052500 0.072500
1 0.491875 0.158750 0.118750 0.085000
1 0.869375 0.838750 0.056250 0.090000
1 0.599375 0.339375 0.053750 0.088750
1 0.580625 0.212500 0.046250 0.080000
1 0.540000 0.816875 0.085000 0.038750
1 0.156875 0.178125 0.071250 0.046250
1 0.931250 0.880625 0.057500 0.083750
1 0.691250 0.645000 0.055000 0.075000
1 0.169375 0.078125 0.078750 0.046250
1 0.546250 0.659375 0.092500 0.051250
1 0.311250 0.573750 0.047500 0.125000
1 0.276250 0.660625 0.075000 0.038750
1 0.248750 0.926250 0.067500 0.077500
1 0.615625 0.771250 0.068750 0.047500
1 0.551250 0.966250 0.117500 0.045000
1 0.617500 0.047500 0.042500 0.082500
1 0.871250 0.628125 0.090000 0.046250
1 0.575000 0.266250 0.070000 0.052500
1 0.638125 0.657500 0.041250 0.042500
1 0.833125 0.922500 0.088750 0.047500
1 0.478125 0.953125 0.078750 0.073750
1 0.635625 0.788125 0.098750 0.068750
1 0.275625 0.164375 0.053750 0.081250
1 0.367500 0.066875 0.042500 0.096250
1 0.030000 0.431250 0.035000 0.082500
1 0.232500 0.345625 0.067500 0.041250
1 0.491875 0.017500 0.253750 0.032500
1 0.213750 0.881250 0.095000 0.072500
1 0.395000 0.865625 0.047500 0.048750
1 0.195625 0.254375 0.053750 0.076250
1 0.352500 0.874375 0.047500 0.056250
1 0.316875 0.178750 0.058750 0.050000
1 0.308125 0.070625 0.053750 0.083750
1 0.383750 0.808750 0.040000 0.045000
1 0.336875 0.626875 0.046250 0.053750
1 0.542500 0.365000 0.092500 0.087500
1 0.816250 0.873125 0.047500 0.048750
1 0.600000 0.088125 0.032500 0.051250
1 0.356875 0.346875 0.028750 0.061250
1 0.300000 0.038750 0.035000 0.040000
1 0.071875 0.395000 0.028750 0.060000
1 0.321875 0.358125 0.023750 0.083750
1 0.734375 0.225625 0.051250 0.048750
