0 0.470625 0.044375 0.158750 0.086250
0 0.026250 0.237500 0.050000 0.112500
0 0.498125 0.948750 0.083750 0.070000
1 0.682500 0.245000 0.140000 0.235000
1 0.566875 0.854375 0.136250 0.146250
1 0.567500 0.597500 0.117500 0.080000
1 0.083125 0.755000 0.163750 0.160000
1 0.312500 0.833125 0.075000 0.128750
1 0.869375 0.673125 0.096250 0.081250
1 0.703125 0.366875 0.166250 0.086250
1 0.361250 0.171250 0.077500 0.062500
1 0.541250 0.238750 0.077500 0.107500
1 0.174375 0.408125 0.073750 0.076250
1 0.075000 0.911875 0.057500 0.086250
1 0.250625 0.868750 0.053750 0.080000
1 0.507500 0.671875 0.060000 0.076250
1 0.458750 0.351875 0.090000 0.068750
1 0.211875 0.275625 0.066250 0.061250
1 0.219375 0.816875 0.043750 0.076250
1 0.974375 0.473750 0.051250 0.060000
1 0.028125 0.887500 0.053750 0.070000
1 0.976875 0.264375 0.043750 0.091250
1 0.146875 0.455625 0.051250 0.073750
1 0.220000 0.690625 0.065000 0.093750
1 0.258125 0.528750 0.051250 0.065000
1 0.371250 0.418125 0.060000 0.058750
1 0.926250 0.974375 0.055000 0.051250
1 0.270000 0.965625 0.095000 0.068750
1 0.175625 0.824375 0.046250 0.063750
1 0.031875 0.023125 0.061250 0.043750
