0 0.505000 0.083750 0.052500 0.050000
0 0.423125 0.846250 0.041250 0.042500
0 0.115625 0.797500 0.048750 0.037500
1 0.446250 0.790000 0.077500 0.057500
1 0.742500 0.330000 0.100000 0.090000
1 0.849375 0.956875 0.153750 0.066250
1 0.708125 0.830000 0.073750 0.072500
1 0.884375 0.237500 0.111250 0.080000
1 0.216250 0.686250 0.065000 0.067500
1 0.756250 0.399375 0.107500 0.061250
1 0.183125 0.129375 0.073750 0.051250
1 0.510000 0.327500 0.092500 0.052500
1 0.025625 0.198125 0.048750 0.063750
1 0.103750 0.534375 0.072500 0.058750
1 0.263125 0.841250 0.046250 0.065000
1 0.555000 0.861250 0.045000 0.070000
1 0.306875 0.596250 0.051250 0.060000
1 0.731250 0.706875 0.097500 0.043750
1 0.575625 0.672500 0.076250 0.042500
1 0.551250 0.638125 0.080000 0.036250
1 0.515625 0.291875 0.068750 0.048750
1 0.355000 0.753750 0.070000 0.052500
1 0.355000 0.680000 0.050000 0.045000
1 0.620000 0.708125 0.090000 0.046250
1 0.623125 0.849375 0.113750 0.051250
1 0.846250 0.085000 0.057500 0.040000
1 0.021250 0.525000 0.040000 0.047500
1 0.745625 0.060000 0.088750 0.070000
1 0.421250 0.663125 0.067500 0.043750
1 0.472500 0.387500 0.055000 0.042500
1 0.261250 0.349375 0.047500 0.038750
1 0.090000 0.648125 0.062500 0.063750
1 0.175625 0.414375 0.043750 0.046250
1 0.837500 0.613750 0.050000 0.050000
1 0.460625 0.236875 0.043750 0.068750
1 0.451875 0.193125 0.046250 0.071250
1 0.660000 0.196875 0.047500 0.053750
1 0.594375 0.378125 0.058750 0.046250
1 0.502500 0.241250 0.055000 0.055000
1 0.411875 0.706250 0.048750 0.045000
1 0.916875 0.043125 0.066250 0.053750
1 0.937500 0.763750 0.045000 0.065000
1 0.655625 0.276250 0.068750 0.092500
1 0.513750 0.788125 0.052500 0.056250
1 0.393750 0.625000 0.065000 0.042500
1 0.688750 0.649375 0.092500 0.046250
1 0.877500 0.367500 0.037500 0.042500
1 0.938125 0.401875 0.038750 0.033750
1 0.153750 0.751875 0.047500 0.041250
