0 0.508125 0.491875 0.041250 0.038750
0 0.476875 0.790000 0.043750 0.042500
0 0.453125 0.361875 0.048750 0.038750
1 0.549375 0.311875 0.111250 0.123750
1 0.089375 0.558750 0.098750 0.082500
1 0.447500 0.641250 0.127500 0.062500
1 0.175625 0.391875 0.073750 0.063750
1 0.198125 0.226250 0.101250 0.082500
1 0.963750 0.890625 0.070000 0.133750
1 0.265625 0.807500 0.076250 0.092500
1 0.619375 0.182500 0.068750 0.090000
1 0.628750 0.481250 0.042500 0.080000
1 0.776875 0.305625 0.048750 0.053750
1 0.773750 0.600625 0.070000 0.081250
1 0.635000 0.121250 0.110000 0.065000
1 0.234375 0.366875 0.066250 0.086250
1 0.674375 0.630000 0.046250 0.062500
1 0.641250 0.731250 0.082500 0.037500
1 0.646875 0.865000 0.063750 0.085000
1 0.568750 0.061250 0.085000 0.052500
1 0.903750 0.180000 0.040000 0.045000
1 0.048750 0.896250 0.087500 0.050000
1 0.788750 0.103125 0.040000 0.068750
1 0.328750 0.515625 0.075000 0.041250
1 0.764375 0.368125 0.056250 0.043750
1 0.781875 0.738125 0.038750 0.061250
1 0.863125 0.700625 0.043750 0.058750
1 0.896875 0.865000 0.061250 0.087500
1 0.187500 0.583125 0.085000 0.093750
1 0.791875 0.158750 0.038750 0.050000
1 0.128125 0.198125 0.081250 0.066250
1 0.195000 0.476250 0.080000 0.050000
1 0.600625 0.954375 0.051250 0.053750
1 0.730625 0.085000 0.071250 0.050000
1 0.724375 0.805000 0.046250 0.062500
1 0.725625 0.698750 0.053750 0.045000
1 0.779375 0.850000 0.078750 0.050000
1 0.895625 0.603125 0.046250 0.043750
1 0.290625 0.855625 0.058750 0.058750
1 0.142500 0.466250 0.047500 0.045000
1 0.056250 0.437500 0.085000 0.127500
1 0.833125 0.643125 0.046250 0.046250
1 0.768125 0.671875 0.046250 0.041250
1 0.044375 0.220000 0.081250 0.087500
1 0.155625 0.671250 0.048750 0.075000
1 0.148125 0.096250 0.043750 0.087500
1 0.230625 0.504375 0.036250 0.091250
1 0.108750 0.816875 0.090000 0.043750
1 0.214375 0.290000 0.036250 0.042500
1 0.263750 0.718125 0.097500 0.043750
1 0.724375 0.943750 0.051250 0.060000
1 0.909375 0.561875 0.046250 0.041250
1 0.900625 0.058750 0.041250 0.062500
1 0.043750 0.755625 0.080000 0.048750
1 0.922500 0.133125 0.042500 0.043750
1 0.665625 0.263750 0.056250 0.037500
1 0.675000 0.407500 0.067500 0.067500
1 0.648750 0.673750 0.070000 0.050000
1 0.257500 0.638125 0.030000 0.056250
1 0.783750 0.445000 0.050000 0.047500
1 0.170000 0.295000 0.045000 0.057500
1 0.060000 0.655625 0.115000 0.051250
1 0.100000 0.713125 0.087500 0.038750
1 0.740625 0.193750 0.036250 0.040000
1 0.821250 0.726250 0.045000 0.055000
1 0.589375 0.676250 0.056250 0.042500
1 0.171250 0.731875 0.082500 0.046250
1 0.839375 0.921250 0.086250 0.047500
1 0.043750 0.498125 0.085000 0.056250
1 0.945000 0.751875 0.060000 0.068750
1 0.312500 0.917500 0.037500 0.040000
1 0.913750 0.695625 0.070000 0.053750
1 0.263750 0.970625 0.040000 0.048750
1 0.205000 0.810625 0.070000 0.043750
1 0.350000 0.446250 0.040000 0.035000
1 0.760000 0.493125 0.052500 0.073750
1 0.705625 0.185625 0.031250 0.041250
1 0.088125 0.453125 0.058750 0.043750
1 0.325625 0.654375 0.031250 0.043750
1 0.427500 0.948750 0.067500 0.042500
1 0.087500 0.846250 0.137500 0.045000
1 0.103750 0.789375 0.070000 0.036250
1 0.657500 0.476875 0.042500 0.031250
1 0.184375 0.340625 0.056250 0.061250
1 0.725000 0.248750 0.040000 0.042500
1 0.823125 0.769375 0.056250 0.051250
1 0.871250 0.749375 0.037500 0.046250
1 0.868125 0.415625 0.041250 0.036250
1 0.869375 0.380625 0.063750 0.046250
1 0.247500 0.932500 0.040000 0.035000
1 0.779375 0.913125 0.041250 0.036250
1 0.762500 0.262500 0.035000 0.040000
1 0.693750 0.474375 0.032500 0.066250
1 0.821250 0.395000 0.055000 0.037500
1 0.167500 0.550625 0.057500 0.041250
1 0.716875 0.746250 0.041250 0.042500
1 0.265000 0.042500 0.042500 0.037500
1 0.343750 0.038125 0.027500 0.026250
