0 0.195625 0.282500 0.091250 0.057500
0 0.321875 0.262500 0.101250 0.087500
0 0.079375 0.051250 0.153750 0.100000
1 0.958125 0.065000 0.081250 0.065000
1 0.655625 0.026875 0.076250 0.051250
1 0.556250 0.837500 0.067500 0.047500
1 0.574375 0.130625 0.038750 0.076250
1 0.563125 0.600625 0.053750 0.078750
1 0.398750 0.844375 0.065000 0.048750
1 0.818125 0.806875 0.056250 0.071250
1 0.618125 0.393750 0.061250 0.042500
1 0.739375 0.177500 0.048750 0.050000
1 0.955625 0.903750 0.088750 0.057500
1 0.410000 0.937500 0.045000 0.082500
1 0.445000 0.961250 0.070000 0.035000
1 0.525000 0.108750 0.045000 0.110000
1 0.689375 0.506250 0.078750 0.065000
1 0.635625 0.768125 0.103750 0.086250
