0 0.027500 0.285000 0.052500 0.077500
0 0.660625 0.431250 0.181250 0.097500
0 0.745000 0.156250 0.135000 0.100000
1 0.215000 0.233125 0.050000 0.083750
1 0.976875 0.267500 0.046250 0.155000
1 0.669375 0.916875 0.103750 0.053750
1 0.257500 0.770625 0.090000 0.073750
1 0.759375 0.738125 0.096250 0.101250
1 0.295000 0.453125 0.052500 0.081250
1 0.977500 0.898750 0.045000 0.075000
1 0.310000 0.086250 0.050000 0.087500
1 0.372500 0.639375 0.067500 0.041250
1 0.328125 0.773125 0.043750 0.101250
1 0.240625 0.876875 0.086250 0.061250
1 0.504375 0.052500 0.078750 0.062500
1 0.712500 0.880000 0.075000 0.040000
1 0.163125 0.985625 0.053750 0.026250
1 0.090000 0.956250 0.092500 0.052500
1 0.230625 0.381250 0.078750 0.087500
1 0.897500 0.886875 0.060000 0.056250
1 0.048125 0.803125 0.081250 0.071250
1 0.056875 0.694375 0.083750 0.051250
1 0.771875 0.444375 0.036250 0.041250
1 0.255625 0.455000 0.051250 0.035000
1 0.381875 0.536250 0.118750 0.152500
1 0.796250 0.523125 0.075000 0.061250
1 0.388750 0.709375 0.120000 0.071250
1 0.934375 0.400000 0.093750 0.117500
1 0.590000 0.326250 0.075000 0.070000
1 0.351250 0.456250 0.072500 0.092500
1 0.970625 0.652500 0.058750 0.075000
1 0.665625 0.726250 0.101250 0.087500
1 0.571250 0.808125 0.102500 0.083750
