0 0.602500 0.381250 0.097500 0.102500
0 0.457500 0.811875 0.087500 0.086250
0 0.158125 0.818750 0.106250 0.062500
1 0.698750 0.833125 0.055000 0.056250
1 0.051875 0.503125 0.083750 0.081250
1 0.186250 0.675000 0.080000 0.060000
1 0.606875 0.603125 0.066250 0.043750
1 0.791875 0.781875 0.063750 0.041250
1 0.465625 0.025625 0.071250 0.048750
1 0.740625 0.626875 0.046250 0.041250
1 0.281875 0.067500 0.056250 0.052500
1 0.353125 0.756875 0.048750 0.053750
1 0.103750 0.131875 0.047500 0.046250
1 0.521875 0.786250 0.038750 0.037500
1 0.277500 0.178125 0.062500 0.043750
1 0.917500 0.083125 0.062500 0.038750
1 0.906250 0.142500 0.045000 0.050000
1 0.727500 0.045000 0.045000 0.047500
1 0.979375 0.701250 0.038750 0.042500
1 0.828125 0.720000 0.061250 0.052500
1 0.983125 0.018125 0.031250 0.033750
1 0.345625 0.801250 0.041250 0.045000
1 0.983125 0.778125 0.033750 0.048750
1 0.896250 0.718125 0.040000 0.033750
1 0.352500 0.305625 0.042500 0.041250
1 0.562500 0.046250 0.037500 0.045000
1 0.843750 0.794375 0.047500 0.056250
1 0.575000 0.732500 0.040000 0.047500
1 0.507500 0.665625 0.040000 0.033750
1 0.380625 0.091250 0.048750 0.050000
1 0.042500 0.146250 0.045000 0.047500
1 0.348750 0.185000 0.052500 0.045000
1 0.096875 0.725625 0.051250 0.048750
1 0.980000 0.107500 0.037500 0.052500
1 0.216250 0.095000 0.027500 0.037500
