0 0.730000 0.256875 0.082500 0.083750
0 0.096875 0.133750 0.051250 0.047500
0 0.024375 0.651875 0.046250 0.073750
1 0.060625 0.396875 0.048750 0.071250
1 0.921250 0.828125 0.040000 0.048750
1 0.019375 0.222500 0.036250 0.072500
1 0.838750 0.133125 0.062500 0.053750
1 0.721875 0.920625 0.098750 0.091250
1 0.894375 0.041875 0.088750 0.081250
1 0.673125 0.666250 0.166250 0.080000
1 0.641250 0.912500 0.092500 0.072500
1 0.737500 0.849375 0.137500 0.086250
1 0.085000 0.333750 0.052500 0.032500
1 0.169375 0.796875 0.336250 0.406250
1 0.815000 0.462500 0.075000 0.072500
1 0.913750 0.148125 0.172500 0.121250
1 0.863750 0.946250 0.085000 0.107500
1 0.716875 0.561875 0.113750 0.116250
1 0.686250 0.631250 0.107500 0.057500
1 0.354375 0.637500 0.181250 0.102500
1 0.608125 0.096875 0.086250 0.191250
