0 0.500625 0.203125 0.101250 0.086250
0 0.537500 0.056875 0.082500 0.081250
0 0.520625 0.128750 0.028750 0.035000
1 0.076250 0.778750 0.102500 0.120000
1 0.106250 0.146875 0.147500 0.108750
1 0.770625 0.895625 0.091250 0.161250
1 0.586250 0.666875 0.085000 0.081250
1 0.326875 0.826250 0.083750 0.115000
1 0.592500 0.425000 0.107500 0.082500
1 0.233125 0.834375 0.053750 0.101250
1 0.049375 0.941875 0.086250 0.113750
1 0.850000 0.506250 0.072500 0.072500
1 0.644375 0.811875 0.091250 0.073750
1 0.788125 0.711250 0.063750 0.075000
1 0.490000 0.603750 0.075000 0.082500
1 0.655000 0.966875 0.105000 0.063750
1 0.237500 0.147500 0.067500 0.187500
1 0.474375 0.754375 0.101250 0.081250
1 0.651250 0.230625 0.060000 0.106250
1 0.925000 0.640625 0.082500 0.103750
1 0.420625 0.906875 0.048750 0.091250
1 0.765625 0.591875 0.196250 0.066250
1 0.703125 0.708750 0.071250 0.065000
1 0.188125 0.311250 0.056250 0.047500
1 0.376250 0.365000 0.085000 0.105000
1 0.580000 0.540000 0.120000 0.062500
1 0.102500 0.676250 0.075000 0.082500
1 0.804375 0.299375 0.058750 0.076250
1 0.343125 0.154375 0.048750 0.103750
1 0.968750 0.921250 0.062500 0.067500
1 0.431875 0.446875 0.051250 0.073750
1 0.120000 0.965000 0.052500 0.067500
1 0.298125 0.400625 0.051250 0.046250
1 0.731250 0.326250 0.072500 0.135000
1 0.903750 0.091875 0.120000 0.141250
1 0.698750 0.865625 0.050000 0.133750
1 0.551875 0.382500 0.043750 0.055000
1 0.715000 0.098125 0.082500 0.091250
1 0.286250 0.680000 0.075000 0.062500
1 0.780000 0.398125 0.095000 0.078750
1 0.390000 0.264375 0.050000 0.108750
1 0.630625 0.023750 0.043750 0.045000
1 0.946250 0.987500 0.067500 0.025000
1 0.688125 0.471250 0.098750 0.047500
1 0.601250 0.585625 0.102500 0.058750
1 0.842500 0.651250 0.090000 0.067500
1 0.025000 0.034375 0.047500 0.063750
1 0.726250 0.208750 0.050000 0.087500
1 0.970625 0.786875 0.056250 0.153750
1 0.017500 0.515625 0.032500 0.046250
1 0.532500 0.053125 0.042500 0.053750
1 0.730625 0.427500 0.051250 0.055000
