0 0.198750 0.476875 0.070000 0.071250
0 0.183125 0.795625 0.051250 0.028750
0 0.158750 0.056250 0.065000 0.062500
1 0.908750 0.626875 0.162500 0.098750
1 0.077500 0.941250 0.067500 0.057500
1 0.827500 0.767500 0.085000 0.277500
1 0.781875 0.481250 0.093750 0.052500
1 0.768125 0.659375 0.161250 0.156250
1 0.535625 0.111875 0.153750 0.093750
1 0.970000 0.534375 0.060000 0.086250
1 0.391875 0.835625 0.078750 0.166250
1 0.415625 0.197500 0.096250 0.102500
1 0.697500 0.712500 0.087500 0.137500
1 0.309375 0.149375 0.048750 0.098750
1 0.932500 0.221250 0.135000 0.177500
1 0.226875 0.215000 0.158750 0.077500
1 0.398125 0.422500 0.048750 0.197500
1 0.531250 0.707500 0.187500 0.065000
1 0.105625 0.546875 0.208750 0.051250
1 0.055000 0.823125 0.060000 0.118750
1 0.081250 0.138750 0.050000 0.035000
1 0.169375 0.278125 0.151250 0.076250
1 0.826875 0.384375 0.083750 0.118750
1 0.774375 0.336250 0.218750 0.120000
1 0.336250 0.806875 0.075000 0.111250
1 0.666875 0.057500 0.093750 0.107500
1 0.083750 0.823125 0.055000 0.183750
1 0.554375 0.266875 0.091250 0.078750
1 0.268125 0.320625 0.078750 0.131250
