0 0.404375 0.498125 0.078750 0.086250
0 0.513750 0.535000 0.042500 0.050000
0 0.542500 0.468125 0.035000 0.036250
1 0.689375 0.518750 0.168750 0.142500
1 0.205625 0.435000 0.091250 0.147500
1 0.452500 0.302500 0.130000 0.067500
1 0.263750 0.616250 0.090000 0.060000
1 0.217500 0.840625 0.072500 0.166250
1 0.093125 0.434375 0.046250 0.108750
1 0.132500 0.139375 0.072500 0.086250
1 0.175000 0.185625 0.132500 0.081250
1 0.300625 0.830625 0.053750 0.146250
1 0.288125 0.299375 0.076250 0.073750
1 0.352500 0.863750 0.072500 0.140000
1 0.440625 0.138125 0.063750 0.111250
1 0.763125 0.674375 0.101250 0.063750
1 0.427500 0.265625 0.065000 0.051250
1 0.093125 0.921875 0.111250 0.098750
1 0.378125 0.598125 0.043750 0.058750
1 0.346875 0.712500 0.048750 0.052500
1 0.676250 0.413750 0.092500 0.040000
1 0.071250 0.780000 0.052500 0.057500
1 0.561250 0.290000 0.110000 0.052500
1 0.784375 0.868125 0.156250 0.093750
1 0.418750 0.675000 0.115000 0.052500
1 0.776250 0.163750 0.090000 0.075000
1 0.509375 0.178750 0.041250 0.090000
1 0.412500 0.158125 0.037500 0.093750
1 0.158750 0.605000 0.132500 0.075000
1 0.873750 0.736250 0.112500 0.055000
1 0.131250 0.811250 0.057500 0.070000
1 0.621875 0.807500 0.141250 0.120000
1 0.910625 0.481250 0.053750 0.095000
1 0.566875 0.415000 0.101250 0.040000
1 0.820000 0.696250 0.117500 0.037500
1 0.558125 0.236875 0.076250 0.038750
1 0.666250 0.222500 0.122500 0.067500
1 0.906875 0.650000 0.113750 0.047500
1 0.680625 0.108125 0.083750 0.058750
1 0.802500 0.758125 0.135000 0.061250
1 0.048750 0.353125 0.047500 0.038750
1 0.746875 0.258750 0.138750 0.062500
1 0.644375 0.690000 0.141250 0.047500
1 0.558750 0.885000 0.070000 0.095000
1 0.138750 0.301250 0.035000 0.045000
1 0.046250 0.414375 0.035000 0.048750
1 0.866250 0.358125 0.085000 0.046250
1 0.720000 0.482500 0.052500 0.072500
1 0.592500 0.833125 0.102500 0.068750
1 0.915000 0.449375 0.055000 0.046250
1 0.361875 0.367500 0.056250 0.027500
1 0.631250 0.263750 0.120000 0.045000
1 0.381250 0.011875 0.090000 0.021250
1 0.726875 0.770000 0.131250 0.047500
1 0.069375 0.483125 0.086250 0.071250
1 0.083125 0.587500 0.113750 0.060000
1 0.685625 0.771875 0.058750 0.056250
1 0.136250 0.229375 0.045000 0.036250
1 0.792500 0.017500 0.150000 0.032500
1 0.755000 0.956875 0.067500 0.068750
1 0.619375 0.856250 0.143750 0.102500
1 0.260000 0.395000 0.042500 0.045000
1 0.832500 0.273750 0.107500 0.085000
1 0.085000 0.743125 0.047500 0.041250
1 0.920000 0.016875 0.057500 0.031250
1 0.079375 0.636875 0.056250 0.038750
1 0.502500 0.691875 0.077500 0.103750
1 0.151875 0.580000 0.073750 0.037500
1 0.831875 0.856250 0.106250 0.072500
1 0.650000 0.120000 0.095000 0.055000
