0 0.211250 0.609375 0.080000 0.056250
0 0.161250 0.029375 0.105000 0.056250
0 0.107500 0.315625 0.150000 0.073750
0 0.108125 0.505000 0.156250 0.112500
0 0.292500 0.455000 0.240000 0.240000
0 0.064375 0.053125 0.126250 0.103750
1 0.730000 0.145000 0.047500 0.102500
1 0.623750 0.098750 0.055000 0.097500
1 0.693750 0.394375 0.085000 0.098750
1 0.696250 0.210625 0.047500 0.066250
1 0.830625 0.724375 0.133750 0.058750
1 0.823125 0.452500 0.041250 0.075000
1 0.918125 0.513125 0.081250 0.068750
1 0.540625 0.615000 0.061250 0.077500
1 0.783125 0.231250 0.081250 0.110000
1 0.865625 0.616875 0.186250 0.088750
1 0.610625 0.892500 0.058750 0.072500
1 0.982500 0.269375 0.035000 0.073750
1 0.582500 0.471250 0.042500 0.062500
1 0.976250 0.211875 0.047500 0.063750
