0 0.226250 0.613125 0.030000 0.021250
0 0.130625 0.646250 0.033750 0.035000
0 0.121250 0.596875 0.025000 0.023750
1 0.670000 0.449375 0.112500 0.061250
1 0.703750 0.533125 0.095000 0.061250
1 0.574375 0.859375 0.071250 0.053750
1 0.748750 0.765625 0.062500 0.048750
1 0.505625 0.574375 0.056250 0.056250
1 0.424375 0.913750 0.066250 0.082500
1 0.605625 0.104375 0.063750 0.056250
1 0.933125 0.313750 0.073750 0.072500
1 0.326250 0.279375 0.092500 0.053750
1 0.595625 0.315625 0.051250 0.051250
1 0.248125 0.452500 0.136250 0.062500
1 0.804375 0.471875 0.061250 0.071250
1 0.916875 0.513750 0.053750 0.057500
1 0.871250 0.541250 0.050000 0.057500
1 0.571875 0.778125 0.068750 0.043750
1 0.101250 0.863125 0.072500 0.063750
1 0.311875 0.686250 0.078750 0.055000
1 0.707500 0.968750 0.077500 0.060000
1 0.486875 0.521250 0.051250 0.057500
1 0.815625 0.368125 0.048750 0.046250
1 0.156875 0.983125 0.098750 0.031250
1 0.979375 0.627500 0.038750 0.055000
1 0.309375 0.391250 0.063750 0.055000
1 0.973125 0.580000 0.053750 0.047500
1 0.345625 0.171250 0.043750 0.050000
1 0.348125 0.516875 0.046250 0.046250
1 0.460625 0.387500 0.036250 0.040000
1 0.961875 0.816250 0.073750 0.047500
1 0.370000 0.874375 0.035000 0.066250
