0 0.378125 0.036250 0.061250 0.070000
0 0.675000 0.042500 0.075000 0.082500
0 0.543750 0.028750 0.047500 0.055000
1 0.659375 0.849375 0.171250 0.153750
1 0.873750 0.838125 0.060000 0.163750
1 0.473750 0.892500 0.057500 0.135000
1 0.743750 0.195000 0.120000 0.087500
1 0.051875 0.602500 0.056250 0.102500
1 0.448125 0.545625 0.058750 0.088750
1 0.215000 0.885625 0.105000 0.071250
1 0.131250 0.528750 0.060000 0.142500
1 0.506875 0.500000 0.076250 0.092500
1 0.244375 0.546875 0.081250 0.051250
1 0.964375 0.858750 0.071250 0.045000
1 0.349375 0.461250 0.198750 0.062500
1 0.022500 0.874375 0.042500 0.053750
1 0.971875 0.803750 0.056250 0.050000
1 0.975625 0.110000 0.046250 0.077500
1 0.127500 0.041875 0.052500 0.081250
1 0.048750 0.293750 0.075000 0.065000
1 0.980000 0.606250 0.040000 0.070000
1 0.158750 0.225000 0.060000 0.042500
1 0.958125 0.518125 0.066250 0.041250
1 0.783750 0.930000 0.042500 0.042500
1 0.419375 0.356875 0.058750 0.043750
1 0.107500 0.266250 0.060000 0.045000
1 0.233750 0.074375 0.045000 0.061250
1 0.988750 0.030625 0.022500 0.058750
1 0.918750 0.480000 0.067500 0.070000
1 0.571875 0.080625 0.041250 0.053750
1 0.515000 0.408750 0.077500 0.052500
1 0.879375 0.223750 0.043750 0.050000
1 0.890625 0.671250 0.068750 0.045000
1 0.062500 0.703750 0.067500 0.095000
1 0.467500 0.283750 0.062500 0.045000
1 0.239375 0.020000 0.058750 0.037500
1 0.503125 0.356875 0.043750 0.043750
1 0.071250 0.203750 0.042500 0.052500
1 0.889375 0.057500 0.043750 0.090000
