0 0.081250 0.081875 0.160000 0.161250
0 0.047500 0.221875 0.080000 0.093750
0 0.056875 0.729375 0.086250 0.083750
1 0.823125 0.673125 0.153750 0.091250
1 0.572500 0.410000 0.137500 0.085000
1 0.348125 0.076250 0.046250 0.090000
1 0.601875 0.859375 0.093750 0.086250
1 0.728125 0.106875 0.118750 0.053750
1 0.696250 0.976875 0.090000 0.043750
1 0.618750 0.724375 0.137500 0.106250
1 0.151250 0.563750 0.100000 0.037500
1 0.920000 0.390625 0.155000 0.066250
1 0.531875 0.473125 0.101250 0.048750
1 0.678750 0.407500 0.095000 0.082500
1 0.155625 0.491250 0.068750 0.042500
1 0.252500 0.321250 0.067500 0.125000
1 0.796875 0.927500 0.221250 0.092500
1 0.794375 0.519375 0.143750 0.043750
1 0.574375 0.136250 0.173750 0.045000
1 0.483125 0.248125 0.046250 0.086250
1 0.095625 0.993125 0.128750 0.013750
