0 0.932500 0.360000 0.135000 0.162500
0 0.455625 0.682500 0.088750 0.080000
0 0.882500 0.705625 0.087500 0.076250
1 0.925000 0.049375 0.045000 0.051250
1 0.175625 0.747500 0.046250 0.055000
1 0.408125 0.318750 0.041250 0.080000
1 0.593750 0.730000 0.047500 0.047500
1 0.973750 0.235625 0.050000 0.038750
1 0.348125 0.089375 0.043750 0.048750
1 0.751875 0.694375 0.038750 0.046250
1 0.441875 0.691250 0.041250 0.047500
1 0.976250 0.406875 0.040000 0.038750
1 0.440000 0.016250 0.047500 0.030000
1 0.513750 0.653750 0.037500 0.047500
1 0.980625 0.674375 0.038750 0.038750
1 0.927500 0.143125 0.060000 0.041250
1 0.213750 0.649375 0.042500 0.036250
1 0.982500 0.359375 0.032500 0.041250
1 0.691250 0.118125 0.050000 0.033750
1 0.787500 0.595625 0.037500 0.043750
1 0.750625 0.074375 0.043750 0.036250
1 0.058750 0.724375 0.052500 0.046250
1 0.580000 0.157500 0.050000 0.042500
1 0.135625 0.048750 0.038750 0.042500
0 0.189375 0.436875 0.048750 0.041250
1 0.021250 0.581250 0.040000 0.047500
1 0.189375 0.694375 0.038750 0.038750
1 0.013750 0.165000 0.025000 0.052500
1 0.013125 0.646250 0.023750 0.047500
1 0.098750 0.076250 0.040000 0.032500
1 0.285625 0.628750 0.036250 0.035000
0 0.503750 0.015000 0.042500 0.027500
1 0.451875 0.560625 0.023750 0.041250
0 0.563750 0.340625 0.037500 0.038750
1 0.070625 0.120625 0.036250 0.041250
1 0.303125 0.292500 0.033750 0.032500
0 0.206250 0.963750 0.062500 0.052500
0 0.122500 0.440000 0.055000 0.052500
0 0.215625 0.533125 0.093750 0.136250
0 0.304375 0.413750 0.061250 0.092500
0 0.090625 0.517500 0.138750 0.077500
