0 0.353750 0.513125 0.057500 0.051250
0 0.719375 0.150625 0.048750 0.046250
0 0.156250 0.415000 0.045000 0.037500
1 0.745000 0.529375 0.067500 0.053750
1 0.188125 0.288125 0.086250 0.041250
1 0.388750 0.424375 0.102500 0.058750
1 0.573750 0.159375 0.062500 0.076250
1 0.655625 0.201875 0.053750 0.066250
1 0.195625 0.751875 0.061250 0.038750
1 0.703125 0.685000 0.073750 0.050000
1 0.633125 0.663750 0.068750 0.040000
1 0.416250 0.266250 0.080000 0.045000
1 0.851875 0.723125 0.046250 0.041250
1 0.411250 0.675625 0.060000 0.036250
1 0.297500 0.696250 0.080000 0.040000
1 0.178750 0.251875 0.090000 0.048750
1 0.327500 0.630625 0.082500 0.033750
1 0.261250 0.203750 0.070000 0.055000
1 0.960625 0.699375 0.051250 0.038750
1 0.170000 0.668125 0.060000 0.036250
1 0.668750 0.391250 0.065000 0.040000
1 0.915000 0.678125 0.045000 0.031250
1 0.208750 0.545625 0.075000 0.038750
1 0.833125 0.659375 0.038750 0.033750
1 0.477500 0.256875 0.062500 0.051250
1 0.556875 0.260000 0.056250 0.035000
1 0.661250 0.605000 0.052500 0.037500
1 0.883750 0.645625 0.055000 0.038750
1 0.913125 0.249375 0.036250 0.038750
1 0.706875 0.624375 0.041250 0.033750
1 0.444375 0.374375 0.073750 0.043750
1 0.780000 0.262500 0.062500 0.060000
1 0.781250 0.321875 0.080000 0.046250
1 0.115000 0.574375 0.070000 0.048750
1 0.144375 0.356250 0.101250 0.040000
1 0.948750 0.371875 0.050000 0.033750
1 0.791875 0.663125 0.058750 0.043750
1 0.125625 0.042500 0.086250 0.037500
1 0.425000 0.235000 0.047500 0.050000
1 0.623125 0.331250 0.051250 0.037500
