0 0.156875 0.246250 0.126250 0.115000
0 0.948750 0.954375 0.102500 0.091250
0 0.376250 0.917500 0.100000 0.080000
0 0.045000 0.943750 0.087500 0.112500
1 0.635625 0.058750 0.053750 0.065000
1 0.751875 0.032500 0.098750 0.062500
1 0.728750 0.113125 0.067500 0.071250
1 0.899375 0.300000 0.123750 0.130000
1 0.775000 0.205625 0.082500 0.088750
1 0.971250 0.036250 0.057500 0.070000
1 0.822500 0.130625 0.035000 0.078750
1 0.483125 0.158125 0.068750 0.066250
1 0.723750 0.305625 0.060000 0.066250
1 0.880625 0.105000 0.038750 0.052500
