0 0.701250 0.126250 0.072500 0.075000
0 0.833750 0.478125 0.070000 0.073750
0 0.309375 0.545000 0.078750 0.077500
1 0.016875 0.505000 0.031250 0.070000
1 0.106875 0.961875 0.053750 0.051250
1 0.338750 0.766875 0.085000 0.046250
1 0.384375 0.745000 0.171250 0.062500
1 0.271875 0.327500 0.088750 0.057500
1 0.666875 0.727500 0.076250 0.060000
1 0.986250 0.703750 0.027500 0.087500
1 0.963750 0.911875 0.072500 0.063750
1 0.350000 0.131875 0.090000 0.071250
1 0.389375 0.242500 0.156250 0.120000
1 0.984375 0.858750 0.031250 0.040000
1 0.605625 0.776250 0.061250 0.090000
1 0.238750 0.184375 0.127500 0.066250
1 0.385625 0.979375 0.096250 0.041250
1 0.116250 0.320000 0.065000 0.060000
1 0.091250 0.922500 0.067500 0.060000
1 0.465000 0.545625 0.177500 0.126250
1 0.890000 0.730000 0.130000 0.127500
1 0.028125 0.883750 0.053750 0.075000
1 0.532500 0.644375 0.112500 0.066250
1 0.131875 0.769375 0.093750 0.103750
1 0.834375 0.378750 0.071250 0.097500
1 0.864375 0.908750 0.111250 0.087500
1 0.036875 0.279375 0.071250 0.108750
1 0.226250 0.762500 0.095000 0.065000
1 0.699375 0.981250 0.118750 0.035000
1 0.110625 0.270625 0.071250 0.061250
1 0.934375 0.932500 0.128750 0.132500
1 0.239375 0.376250 0.178750 0.085000
1 0.588750 0.413750 0.135000 0.145000
1 0.751875 0.782500 0.071250 0.062500
1 0.428125 0.429375 0.106250 0.066250
