0 0.178750 0.713750 0.072500 0.075000
0 0.651250 0.946250 0.132500 0.107500
0 0.714375 0.271875 0.086250 0.086250
1 0.491875 0.667500 0.071250 0.095000
1 0.760625 0.048750 0.103750 0.055000
1 0.521875 0.570000 0.071250 0.070000
1 0.786250 0.095000 0.202500 0.085000
1 0.853750 0.621875 0.077500 0.076250
1 0.872500 0.412500 0.057500 0.045000
1 0.235000 0.278750 0.055000 0.072500
1 0.982500 0.593125 0.032500 0.126250
1 0.316250 0.675000 0.077500 0.070000
1 0.226875 0.205625 0.066250 0.061250
1 0.396250 0.808750 0.070000 0.070000
1 0.354375 0.032500 0.086250 0.062500
1 0.048750 0.316250 0.080000 0.040000
1 0.156875 0.271875 0.043750 0.043750
1 0.253750 0.800625 0.107500 0.218750
1 0.841875 0.701875 0.056250 0.048750
1 0.865625 0.780000 0.038750 0.045000
1 0.208750 0.128125 0.062500 0.048750
1 0.162500 0.186875 0.057500 0.053750
1 0.533125 0.517500 0.143750 0.090000
1 0.950625 0.407500 0.098750 0.102500
1 0.926250 0.653750 0.062500 0.067500
1 0.968125 0.836250 0.038750 0.057500
1 0.935000 0.753750 0.050000 0.040000
1 0.366875 0.359375 0.096250 0.121250
1 0.395625 0.693750 0.096250 0.067500
1 0.105625 0.523750 0.081250 0.120000
1 0.169375 0.049375 0.071250 0.061250
1 0.235625 0.044375 0.096250 0.086250
1 0.918125 0.836875 0.051250 0.093750
