0 0.314375 0.972500 0.136250 0.055000
0 0.323750 0.935000 0.065000 0.065000
0 0.574375 0.416250 0.103750 0.100000
1 0.481250 0.783750 0.117500 0.077500
1 0.809375 0.727500 0.096250 0.072500
1 0.306250 0.185625 0.070000 0.133750
1 0.611250 0.114375 0.117500 0.106250
1 0.048125 0.333750 0.078750 0.075000
1 0.943750 0.501250 0.072500 0.097500
1 0.672500 0.730625 0.057500 0.051250
1 0.400000 0.551875 0.152500 0.083750
1 0.164375 0.115000 0.076250 0.082500
1 0.876250 0.445625 0.072500 0.081250
1 0.416875 0.232500 0.066250 0.112500
1 0.950625 0.631875 0.058750 0.058750
