0 0.160000 0.088750 0.107500 0.087500
0 0.331250 0.834375 0.110000 0.128750
0 0.213125 0.502500 0.118750 0.122500
1 0.744375 0.496250 0.026250 0.055000
1 0.769375 0.063750 0.076250 0.072500
1 0.950625 0.033750 0.098750 0.065000
1 0.832500 0.205625 0.057500 0.063750
1 0.048125 0.320000 0.093750 0.055000
1 0.862500 0.302500 0.055000 0.090000
1 0.868750 0.490000 0.095000 0.132500
1 0.964375 0.286875 0.058750 0.093750
1 0.686250 0.848750 0.047500 0.065000
1 0.772500 0.455000 0.060000 0.075000
1 0.941875 0.579375 0.061250 0.053750
1 0.903750 0.964375 0.050000 0.071250
1 0.725000 0.303125 0.057500 0.086250
1 0.753125 0.241250 0.063750 0.050000
1 0.676875 0.775625 0.041250 0.081250
