0 0.410625 0.590000 0.076250 0.082500
0 0.377500 0.085000 0.092500 0.127500
0 0.043750 0.558750 0.085000 0.122500
1 0.403125 0.393750 0.083750 0.062500
1 0.545000 0.938125 0.052500 0.081250
1 0.219375 0.160000 0.046250 0.060000
1 0.688750 0.174375 0.052500 0.088750
1 0.321875 0.275625 0.051250 0.048750
1 0.050000 0.065000 0.045000 0.065000
1 0.423750 0.213125 0.050000 0.053750
1 0.566875 0.393750 0.061250 0.050000
1 0.393125 0.336250 0.053750 0.045000
1 0.226875 0.343750 0.046250 0.042500
1 0.443125 0.975625 0.043750 0.046250
1 0.741875 0.973125 0.081250 0.053750
1 0.195625 0.243125 0.048750 0.041250
1 0.606875 0.198750 0.043750 0.047500
1 0.033750 0.278750 0.052500 0.050000
1 0.274375 0.336250 0.043750 0.037500
1 0.231875 0.976875 0.048750 0.046250
1 0.893125 0.956875 0.051250 0.071250
1 0.030625 0.166250 0.036250 0.045000
1 0.880625 0.242500 0.046250 0.052500
1 0.987500 0.053750 0.025000 0.065000
1 0.453750 0.306875 0.045000 0.041250
1 0.780000 0.213125 0.042500 0.043750
1 0.095625 0.229375 0.031250 0.033750
0 0.896875 0.501250 0.143750 0.215000
0 0.058125 0.786250 0.113750 0.150000
