0 0.071875 0.137500 0.083750 0.057500
0 0.766250 0.223125 0.082500 0.086250
0 0.319375 0.165000 0.096250 0.090000
1 0.360000 0.836250 0.047500 0.037500
1 0.761875 0.709375 0.071250 0.083750
1 0.328750 0.890000 0.050000 0.035000
1 0.695625 0.931875 0.058750 0.058750
1 0.423125 0.781250 0.063750 0.055000
1 0.203125 0.700000 0.051250 0.042500
1 0.081875 0.791250 0.093750 0.057500
1 0.228125 0.893750 0.058750 0.040000
1 0.796875 0.958750 0.036250 0.035000
1 0.748750 0.608750 0.052500 0.040000
1 0.484375 0.434375 0.056250 0.043750
1 0.144375 0.435625 0.051250 0.026250
1 0.459375 0.943125 0.053750 0.038750
1 0.411250 0.488750 0.052500 0.042500
1 0.482500 0.574375 0.060000 0.041250
1 0.831250 0.443125 0.037500 0.043750
1 0.622500 0.979375 0.050000 0.038750
1 0.344375 0.645000 0.046250 0.040000
1 0.589375 0.955625 0.061250 0.036250
1 0.228125 0.644375 0.093750 0.043750
1 0.313750 0.557500 0.052500 0.030000
1 0.358125 0.987500 0.046250 0.025000
1 0.231875 0.847500 0.066250 0.032500
1 0.513750 0.540000 0.052500 0.030000
1 0.236250 0.978125 0.055000 0.041250
1 0.025625 0.517500 0.048750 0.032500
1 0.261250 0.793125 0.052500 0.026250
1 0.220625 0.951875 0.058750 0.028750
1 0.420625 0.590625 0.043750 0.033750
1 0.285000 0.470000 0.072500 0.040000
1 0.574375 0.623125 0.041250 0.028750
1 0.586875 0.650000 0.056250 0.040000
1 0.748750 0.536250 0.050000 0.040000
1 0.820000 0.621875 0.032500 0.033750
1 0.460000 0.974375 0.037500 0.031250
1 0.170000 0.555625 0.065000 0.031250
1 0.105625 0.663750 0.056250 0.027500
1 0.071875 0.468125 0.076250 0.031250
1 0.090625 0.494375 0.076250 0.028750
1 0.154375 0.948750 0.056250 0.042500
1 0.072500 0.868125 0.055000 0.038750
1 0.171875 0.595625 0.063750 0.028750
1 0.373125 0.704375 0.068750 0.041250
1 0.525000 0.687500 0.062500 0.042500
1 0.635000 0.550000 0.047500 0.027500
1 0.133125 0.676250 0.066250 0.042500
1 0.918125 0.447500 0.058750 0.027500
1 0.441250 0.648750 0.052500 0.037500
1 0.450000 0.921875 0.040000 0.036250
1 0.224375 0.519375 0.058750 0.031250
1 0.660000 0.893750 0.037500 0.025000
1 0.300000 0.596250 0.042500 0.020000
1 0.848125 0.666250 0.028750 0.030000
1 0.639375 0.536250 0.056250 0.050000
1 0.013750 0.662500 0.025000 0.045000
1 0.298750 0.508750 0.070000 0.030000
1 0.330625 0.517500 0.058750 0.027500
