0 0.881875 0.195000 0.068750 0.070000
0 0.112500 0.356250 0.030000 0.022500
0 0.587500 0.277500 0.070000 0.052500
1 0.592500 0.115000 0.107500 0.097500
1 0.751250 0.800625 0.100000 0.096250
1 0.031250 0.162500 0.055000 0.065000
1 0.390625 0.881875 0.116250 0.093750
1 0.590000 0.638750 0.082500 0.067500
1 0.669375 0.911875 0.078750 0.061250
1 0.390625 0.231875 0.063750 0.088750
1 0.708125 0.614375 0.053750 0.058750
1 0.401875 0.791875 0.076250 0.066250
1 0.464375 0.100625 0.076250 0.058750
1 0.583750 0.906250 0.082500 0.095000
1 0.400625 0.680000 0.048750 0.052500
1 0.559375 0.755625 0.076250 0.058750
1 0.831250 0.728750 0.060000 0.045000
1 0.934375 0.936250 0.056250 0.047500
1 0.443750 0.647500 0.050000 0.057500
1 0.263125 0.723125 0.123750 0.076250
1 0.792500 0.655000 0.057500 0.055000
1 0.080000 0.023125 0.060000 0.043750
1 0.769375 0.911875 0.106250 0.111250
1 0.146875 0.898125 0.053750 0.096250
1 0.668750 0.717500 0.092500 0.075000
1 0.136250 0.768125 0.055000 0.078750
1 0.372500 0.111875 0.067500 0.066250
0 0.959375 0.078125 0.036250 0.038750
0 0.038125 0.339375 0.073750 0.076250
0 0.755625 0.193125 0.041250 0.033750
0 0.826250 0.221250 0.020000 0.032500
1 0.945625 0.835000 0.068750 0.082500
1 0.866875 0.873125 0.096250 0.091250
1 0.238125 0.854375 0.066250 0.123750
1 0.236250 0.667500 0.080000 0.047500
1 0.033125 0.720000 0.063750 0.045000
1 0.066875 0.961250 0.101250 0.077500
1 0.204375 0.075625 0.061250 0.051250
