0 0.921875 0.841250 0.058750 0.060000
0 0.791250 0.293125 0.072500 0.061250
0 0.071250 0.729375 0.075000 0.056250
1 0.408750 0.582500 0.047500 0.062500
1 0.364375 0.336250 0.071250 0.085000
1 0.200625 0.553750 0.051250 0.047500
1 0.821875 0.525625 0.048750 0.046250
1 0.081250 0.456875 0.062500 0.048750
1 0.286875 0.981875 0.066250 0.033750
1 0.788125 0.559375 0.051250 0.048750
1 0.195000 0.463750 0.047500 0.067500
1 0.616875 0.401875 0.041250 0.056250
1 0.440625 0.492500 0.043750 0.037500
1 0.398125 0.955000 0.046250 0.040000
1 0.046250 0.402500 0.042500 0.042500
1 0.156250 0.953750 0.062500 0.037500
1 0.931250 0.475000 0.045000 0.050000
1 0.561250 0.503125 0.040000 0.036250
1 0.768750 0.982500 0.047500 0.032500
1 0.508750 0.927500 0.035000 0.040000
1 0.986250 0.542500 0.027500 0.045000
1 0.016250 0.453125 0.030000 0.046250
1 0.861250 0.435625 0.037500 0.038750
1 0.555000 0.458125 0.040000 0.036250
