0 0.099375 0.163750 0.096250 0.122500
0 0.085625 0.464375 0.048750 0.046250
0 0.503750 0.406875 0.047500 0.056250
1 0.540625 0.818750 0.051250 0.097500
1 0.736250 0.760625 0.125000 0.056250
1 0.741875 0.356250 0.051250 0.080000
1 0.618750 0.430000 0.052500 0.112500
1 0.336250 0.579375 0.077500 0.053750
1 0.175000 0.246875 0.075000 0.093750
1 0.618750 0.753125 0.075000 0.121250
1 0.481250 0.215625 0.065000 0.051250
1 0.936250 0.694375 0.075000 0.066250
1 0.429375 0.108750 0.091250 0.117500
1 0.263125 0.241875 0.096250 0.048750
1 0.874375 0.843125 0.078750 0.081250
1 0.868125 0.373750 0.041250 0.075000
1 0.205000 0.671875 0.112500 0.043750
1 0.666250 0.297500 0.052500 0.095000
1 0.908750 0.614375 0.047500 0.048750
1 0.331250 0.310625 0.075000 0.043750
1 0.284375 0.280625 0.078750 0.038750
1 0.931250 0.794375 0.045000 0.093750
1 0.919375 0.385625 0.036250 0.068750
1 0.322500 0.383750 0.065000 0.060000
1 0.728125 0.649375 0.058750 0.046250
1 0.838750 0.588750 0.065000 0.085000
1 0.176875 0.364375 0.083750 0.046250
1 0.668125 0.723750 0.038750 0.060000
1 0.835000 0.843125 0.062500 0.071250
1 0.791250 0.250000 0.050000 0.035000
1 0.368125 0.210000 0.083750 0.065000
1 0.125625 0.306875 0.111250 0.053750
1 0.710000 0.703750 0.047500 0.042500
1 0.826875 0.306250 0.073750 0.035000
1 0.751250 0.307500 0.045000 0.040000
1 0.129375 0.658750 0.088750 0.057500
1 0.563750 0.895625 0.057500 0.026250
1 0.085625 0.245625 0.081250 0.056250
1 0.443125 0.718750 0.076250 0.040000
1 0.343125 0.766250 0.091250 0.125000
1 0.166250 0.286875 0.052500 0.071250
1 0.228750 0.381875 0.082500 0.041250
1 0.565000 0.306250 0.040000 0.035000
1 0.707500 0.601875 0.037500 0.036250
1 0.845625 0.696250 0.053750 0.047500
1 0.222500 0.320625 0.035000 0.043750
1 0.514375 0.313750 0.036250 0.030000
1 0.902500 0.230625 0.047500 0.058750
1 0.792500 0.338750 0.042500 0.052500
1 0.181250 0.912500 0.080000 0.035000
1 0.446875 0.617500 0.053750 0.047500
1 0.722500 0.390625 0.050000 0.048750
1 0.905000 0.273750 0.055000 0.052500
1 0.320625 0.644375 0.058750 0.036250
1 0.512500 0.613125 0.040000 0.041250
1 0.087500 0.728125 0.062500 0.038750
1 0.478125 0.325625 0.051250 0.048750
1 0.821250 0.280000 0.060000 0.030000
1 0.941875 0.193750 0.046250 0.107500
1 0.696875 0.280000 0.048750 0.037500
1 0.135000 0.284375 0.052500 0.046250
1 0.327500 0.743125 0.087500 0.096250
1 0.511875 0.656875 0.041250 0.036250
1 0.423750 0.249375 0.060000 0.038750
1 0.470625 0.670625 0.068750 0.043750
1 0.918750 0.936250 0.105000 0.035000
1 0.153750 0.333125 0.060000 0.028750
1 0.388125 0.692500 0.063750 0.037500
1 0.950625 0.223125 0.033750 0.051250
1 0.113750 0.956250 0.095000 0.037500
1 0.213750 0.953125 0.082500 0.046250
1 0.569375 0.620625 0.053750 0.021250
1 0.603750 0.606250 0.037500 0.037500
1 0.636875 0.630625 0.031250 0.031250
