0 0.871250 0.460000 0.057500 0.047500
0 0.942500 0.448750 0.025000 0.050000
0 0.963750 0.545625 0.072500 0.078750
1 0.790625 0.033125 0.101250 0.063750
1 0.655625 0.255625 0.076250 0.151250
1 0.372500 0.837500 0.075000 0.052500
1 0.067500 0.955000 0.132500 0.060000
1 0.266250 0.183125 0.140000 0.083750
1 0.391875 0.964375 0.111250 0.068750
1 0.411250 0.199375 0.077500 0.188750
1 0.810000 0.283125 0.100000 0.056250
1 0.819375 0.397500 0.071250 0.065000
1 0.099375 0.812500 0.116250 0.107500
1 0.268750 0.351250 0.090000 0.080000
1 0.963125 0.146250 0.071250 0.067500
1 0.138125 0.202500 0.048750 0.077500
1 0.970625 0.838125 0.056250 0.066250
1 0.380000 0.412500 0.082500 0.070000
1 0.034375 0.346875 0.066250 0.071250
1 0.847500 0.971250 0.100000 0.055000
1 0.775000 0.592500 0.095000 0.095000
1 0.167500 0.020625 0.042500 0.038750
1 0.866875 0.588125 0.101250 0.051250
1 0.428750 0.336250 0.092500 0.045000
1 0.220000 0.174375 0.070000 0.036250
1 0.668750 0.073125 0.100000 0.106250
1 0.118125 0.413125 0.056250 0.058750
1 0.094375 0.312500 0.041250 0.047500
1 0.450000 0.378125 0.077500 0.048750
1 0.345000 0.958125 0.047500 0.081250
1 0.679375 0.918125 0.053750 0.058750
1 0.650625 0.963750 0.073750 0.070000
1 0.882500 0.356250 0.085000 0.057500
1 0.457500 0.180625 0.052500 0.061250
1 0.153125 0.551250 0.068750 0.040000
1 0.486875 0.841250 0.061250 0.055000
1 0.620000 0.788125 0.037500 0.056250
1 0.025000 0.273750 0.047500 0.057500
1 0.476250 0.420625 0.062500 0.041250
1 0.191875 0.447500 0.051250 0.065000
1 0.589375 0.986250 0.051250 0.027500
1 0.121875 0.768750 0.118750 0.042500
1 0.104375 0.857500 0.043750 0.045000
1 0.705000 0.369375 0.097500 0.068750
1 0.963125 0.913125 0.073750 0.086250
1 0.978125 0.746250 0.043750 0.057500
1 0.452500 0.800625 0.050000 0.056250
0 0.119375 0.126250 0.118750 0.130000
1 0.207500 0.761250 0.047500 0.045000
