0 0.175625 0.883125 0.051250 0.033750
0 0.129375 0.973750 0.066250 0.052500
0 0.030000 0.227500 0.045000 0.025000
1 0.836250 0.201250 0.117500 0.052500
1 0.460625 0.095000 0.053750 0.045000
1 0.538125 0.953750 0.061250 0.072500
1 0.916875 0.069375 0.113750 0.046250
1 0.775625 0.895000 0.101250 0.037500
1 0.430000 0.734375 0.037500 0.073750
1 0.656250 0.370000 0.085000 0.052500
1 0.520625 0.350625 0.066250 0.046250
1 0.863125 0.533750 0.083750 0.055000
1 0.337500 0.631250 0.060000 0.037500
1 0.652500 0.455000 0.107500 0.057500
1 0.556250 0.711250 0.057500 0.047500
1 0.572500 0.766250 0.075000 0.037500
1 0.625625 0.750000 0.091250 0.050000
1 0.822500 0.780000 0.112500 0.045000
1 0.819375 0.730000 0.076250 0.060000
1 0.913125 0.837500 0.088750 0.065000
1 0.871250 0.374375 0.105000 0.068750
1 0.713750 0.292500 0.097500 0.045000
1 0.420625 0.226875 0.071250 0.043750
1 0.662500 0.577500 0.087500 0.062500
1 0.785000 0.978125 0.107500 0.043750
