0 0.021875 0.867500 0.041250 0.085000
0 0.802500 0.866250 0.057500 0.060000
0 0.415000 0.384375 0.082500 0.063750
1 0.616250 0.485625 0.110000 0.098750
1 0.089375 0.275000 0.058750 0.070000
1 0.169375 0.475625 0.058750 0.096250
1 0.450625 0.451250 0.051250 0.062500
1 0.030625 0.968750 0.053750 0.060000
1 0.913125 0.719375 0.066250 0.068750
1 0.856250 0.061250 0.065000 0.047500
1 0.706875 0.420625 0.056250 0.066250
1 0.768125 0.041875 0.096250 0.058750
1 0.725000 0.503750 0.072500 0.055000
1 0.510625 0.444375 0.061250 0.058750
1 0.751250 0.603125 0.052500 0.051250
1 0.893750 0.454375 0.057500 0.053750
1 0.678125 0.605000 0.088750 0.057500
1 0.573125 0.070625 0.048750 0.048750
1 0.347500 0.086875 0.057500 0.056250
1 0.420000 0.630625 0.050000 0.053750
1 0.233125 0.381875 0.043750 0.051250
1 0.972500 0.558125 0.055000 0.046250
1 0.045625 0.488750 0.056250 0.055000
1 0.342500 0.574375 0.052500 0.053750
1 0.031875 0.546250 0.043750 0.050000
1 0.203125 0.550000 0.046250 0.045000
1 0.843750 0.787500 0.047500 0.040000
1 0.631875 0.653750 0.058750 0.042500
1 0.467500 0.015000 0.065000 0.027500
1 0.714375 0.091250 0.053750 0.052500
1 0.781875 0.651875 0.051250 0.038750
1 0.280625 0.664375 0.053750 0.051250
1 0.721875 0.012500 0.046250 0.022500
1 0.136875 0.011250 0.053750 0.020000
1 0.006875 0.421875 0.011250 0.061250
1 0.815625 0.985000 0.061250 0.027500
0 0.706250 0.308125 0.082500 0.081250
0 0.123750 0.772500 0.062500 0.047500
0 0.036250 0.701875 0.047500 0.041250
0 0.363125 0.308750 0.033750 0.030000
