0 0.070625 0.780000 0.053750 0.055000
0 0.643750 0.729375 0.090000 0.088750
0 0.654375 0.683750 0.063750 0.035000
1 0.288125 0.321250 0.173750 0.097500
1 0.326250 0.201875 0.152500 0.083750
1 0.843125 0.342500 0.176250 0.152500
1 0.435625 0.445000 0.181250 0.090000
1 0.507500 0.025625 0.137500 0.048750
1 0.516875 0.807500 0.116250 0.062500
1 0.616875 0.406250 0.091250 0.080000
1 0.056250 0.121250 0.110000 0.092500
1 0.935625 0.563750 0.126250 0.067500
1 0.058750 0.463750 0.112500 0.120000
1 0.489375 0.118750 0.191250 0.100000
1 0.357500 0.426875 0.177500 0.061250
1 0.231250 0.935625 0.112500 0.098750
1 0.158125 0.636875 0.076250 0.078750
1 0.871875 0.948125 0.103750 0.103750
1 0.966250 0.726875 0.067500 0.078750
1 0.861875 0.052500 0.108750 0.102500
1 0.890625 0.789375 0.133750 0.098750
1 0.416250 0.366250 0.157500 0.082500
1 0.273750 0.728750 0.080000 0.077500
1 0.946250 0.521250 0.107500 0.095000
1 0.548125 0.309375 0.188750 0.088750
1 0.403750 0.975000 0.165000 0.050000
1 0.083750 0.443750 0.062500 0.080000
1 0.743125 0.941250 0.138750 0.117500
1 0.673750 0.921875 0.102500 0.041250
1 0.298750 0.780000 0.217500 0.080000
1 0.264375 0.083125 0.171250 0.096250
1 0.573125 0.245000 0.141250 0.072500
1 0.733750 0.165625 0.107500 0.096250
1 0.266250 0.505625 0.185000 0.171250
