0 0.804375 0.601875 0.073750 0.071250
0 0.713750 0.850000 0.075000 0.075000
0 0.106875 0.810000 0.068750 0.067500
1 0.283125 0.520000 0.111250 0.065000
1 0.503125 0.051250 0.038750 0.057500
1 0.542500 0.966875 0.110000 0.063750
1 0.627500 0.225625 0.032500 0.073750
1 0.767500 0.520625 0.045000 0.078750
1 0.676875 0.588125 0.058750 0.111250
1 0.304375 0.086250 0.096250 0.067500
1 0.564375 0.175000 0.076250 0.057500
1 0.546250 0.093750 0.050000 0.062500
1 0.435000 0.078750 0.047500 0.057500
1 0.701250 0.223125 0.047500 0.076250
1 0.410625 0.355000 0.081250 0.085000
1 0.645625 0.415625 0.051250 0.091250
1 0.666250 0.721250 0.082500 0.097500
1 0.112500 0.123750 0.060000 0.085000
1 0.270625 0.374375 0.106250 0.081250
1 0.555000 0.267500 0.047500 0.060000
1 0.836875 0.033125 0.081250 0.063750
1 0.538125 0.022500 0.053750 0.042500
1 0.749375 0.050625 0.051250 0.083750
1 0.050000 0.204375 0.097500 0.106250
1 0.180000 0.261875 0.207500 0.123750
1 0.456875 0.653750 0.133750 0.070000
1 0.411250 0.031875 0.075000 0.061250
1 0.489375 0.330625 0.068750 0.053750
1 0.981875 0.418750 0.033750 0.087500
1 0.806250 0.218750 0.075000 0.075000
1 0.499375 0.191875 0.043750 0.053750
