0 0.438125 0.410625 0.041250 0.041250
0 0.435000 0.375625 0.115000 0.111250
0 0.528125 0.305625 0.061250 0.073750
0 0.376250 0.360625 0.060000 0.063750
0 0.395000 0.292500 0.050000 0.050000
0 0.560000 0.836875 0.177500 0.173750
0 0.241875 0.470625 0.116250 0.126250
1 0.248750 0.805000 0.125000 0.102500
1 0.818125 0.909375 0.156250 0.173750
1 0.708125 0.631875 0.103750 0.078750
1 0.916875 0.791875 0.111250 0.066250
1 0.219375 0.176875 0.071250 0.071250
1 0.036250 0.864375 0.070000 0.136250
1 0.773750 0.076250 0.087500 0.097500
1 0.305625 0.168750 0.098750 0.067500
1 0.823125 0.322500 0.093750 0.105000
1 0.097500 0.255625 0.047500 0.073750
