0 0.235000 0.149375 0.082500 0.066250
0 0.682500 0.158750 0.075000 0.060000
0 0.362500 0.185625 0.092500 0.091250
1 0.399375 0.705625 0.043750 0.046250
1 0.856250 0.880625 0.070000 0.053750
1 0.503750 0.456250 0.052500 0.040000
1 0.345625 0.607500 0.063750 0.042500
1 0.153750 0.641875 0.102500 0.048750
1 0.660625 0.506875 0.056250 0.046250
1 0.311875 0.802500 0.053750 0.037500
1 0.841250 0.633125 0.052500 0.043750
1 0.400000 0.913125 0.092500 0.036250
1 0.181875 0.536875 0.076250 0.038750
1 0.504375 0.368750 0.058750 0.047500
1 0.542500 0.847500 0.070000 0.050000
1 0.587500 0.341250 0.070000 0.042500
1 0.678750 0.908125 0.055000 0.043750
1 0.035625 0.808750 0.068750 0.037500
1 0.020000 0.699375 0.037500 0.043750
1 0.247500 0.769375 0.080000 0.041250
1 0.521250 0.620000 0.062500 0.035000
1 0.594375 0.488125 0.068750 0.033750
1 0.737500 0.917500 0.045000 0.040000
1 0.867500 0.583750 0.047500 0.040000
1 0.285625 0.494375 0.073750 0.036250
1 0.977500 0.779375 0.042500 0.038750
1 0.759375 0.575625 0.033750 0.033750
1 0.898125 0.511250 0.038750 0.027500
1 0.389375 0.543750 0.048750 0.037500
1 0.576250 0.454375 0.052500 0.026250
1 0.125625 0.691875 0.053750 0.036250
1 0.641250 0.985000 0.047500 0.030000
1 0.371875 0.358125 0.046250 0.038750
1 0.237500 0.883125 0.100000 0.036250
1 0.547500 0.426250 0.040000 0.032500
1 0.603125 0.985000 0.041250 0.030000
1 0.987500 0.355625 0.022500 0.051250
1 0.658125 0.590000 0.043750 0.040000
1 0.900625 0.391250 0.063750 0.040000
1 0.486250 0.833750 0.080000 0.042500
1 0.608750 0.866250 0.042500 0.027500
1 0.913750 0.849375 0.037500 0.033750
1 0.026875 0.604375 0.051250 0.036250
1 0.395625 0.481250 0.063750 0.027500
1 0.794375 0.493125 0.068750 0.031250
1 0.445000 0.947500 0.060000 0.042500
1 0.771875 0.631875 0.046250 0.033750
1 0.103125 0.472500 0.096250 0.032500
1 0.436250 0.377500 0.042500 0.032500
1 0.620625 0.902500 0.096250 0.050000
1 0.805625 0.786250 0.048750 0.050000
1 0.013750 0.409375 0.025000 0.036250
1 0.528125 0.889375 0.066250 0.041250
1 0.374375 0.454375 0.076250 0.033750
1 0.936250 0.445625 0.032500 0.036250
1 0.025000 0.872500 0.047500 0.035000
1 0.733750 0.852500 0.040000 0.035000
1 0.042500 0.576875 0.067500 0.023750
1 0.184375 0.481875 0.068750 0.031250
1 0.776250 0.980000 0.037500 0.035000
1 0.949375 0.381250 0.033750 0.030000
1 0.933750 0.501250 0.035000 0.037500
1 0.297500 0.428750 0.080000 0.037500
1 0.302500 0.963125 0.082500 0.041250
1 0.067500 0.948750 0.070000 0.037500
1 0.721875 0.397500 0.033750 0.035000
1 0.135625 0.436250 0.098750 0.037500
1 0.083750 0.976875 0.072500 0.043750
1 0.762500 0.400625 0.045000 0.026250
1 0.985625 0.601250 0.028750 0.040000
1 0.740625 0.496875 0.051250 0.033750
1 0.161250 0.918125 0.060000 0.028750
1 0.707500 0.543750 0.047500 0.025000
1 0.969375 0.990000 0.046250 0.017500
1 0.165000 0.966875 0.087500 0.038750
1 0.868125 0.920000 0.041250 0.035000
1 0.302500 0.390000 0.057500 0.035000
1 0.767500 0.872500 0.062500 0.035000
1 0.817500 0.385625 0.077500 0.043750
