0 0.475000 0.056250 0.072500 0.075000
0 0.184375 0.123750 0.081250 0.077500
0 0.200000 0.109375 0.080000 0.063750
0 0.340000 0.910625 0.035000 0.038750
1 0.752500 0.350000 0.055000 0.050000
1 0.740625 0.153750 0.061250 0.057500
1 0.789375 0.721250 0.066250 0.087500
1 0.919375 0.356875 0.061250 0.061250
1 0.975625 0.385000 0.048750 0.057500
1 0.980625 0.279375 0.033750 0.056250
1 0.016250 0.748125 0.030000 0.088750
1 0.895000 0.276875 0.065000 0.051250
1 0.107500 0.761250 0.062500 0.130000
1 0.615000 0.507500 0.055000 0.060000
1 0.798125 0.855625 0.071250 0.056250
1 0.980625 0.190000 0.038750 0.072500
1 0.637500 0.725000 0.112500 0.092500
1 0.796875 0.575625 0.046250 0.043750
1 0.823125 0.626875 0.051250 0.058750
1 0.766875 0.421250 0.053750 0.057500
