0 0.041875 0.542500 0.081250 0.102500
0 0.447500 0.556875 0.067500 0.068750
1 0.954375 0.721875 0.088750 0.083750
1 0.030000 0.171250 0.057500 0.095000
1 0.023125 0.653750 0.043750 0.085000
1 0.464375 0.916250 0.081250 0.075000
1 0.020625 0.966250 0.038750 0.065000
1 0.661875 0.898750 0.051250 0.065000
1 0.670625 0.253125 0.066250 0.068750
1 0.551250 0.271250 0.060000 0.045000
1 0.161250 0.655000 0.062500 0.050000
1 0.731875 0.260000 0.083750 0.055000
1 0.862500 0.630625 0.102500 0.056250
1 0.746250 0.977500 0.067500 0.042500
1 0.145000 0.195625 0.050000 0.088750
1 0.940625 0.948125 0.066250 0.056250
1 0.094375 0.785625 0.056250 0.068750
1 0.397500 0.735000 0.072500 0.057500
1 0.608125 0.916875 0.061250 0.058750
1 0.255000 0.758750 0.060000 0.060000
1 0.860000 0.345000 0.075000 0.050000
1 0.855625 0.303125 0.053750 0.041250
1 0.205625 0.606250 0.058750 0.065000
1 0.871250 0.213125 0.087500 0.053750
1 0.034375 0.741250 0.051250 0.050000
1 0.092500 0.715000 0.055000 0.050000
1 0.688125 0.755000 0.063750 0.052500
1 0.185000 0.956875 0.050000 0.048750
1 0.412500 0.661250 0.077500 0.055000
1 0.761250 0.891250 0.062500 0.057500
1 0.085625 0.258125 0.048750 0.056250
1 0.518125 0.793125 0.051250 0.051250
1 0.710000 0.879375 0.052500 0.051250
1 0.239375 0.815000 0.056250 0.052500
1 0.345625 0.245625 0.051250 0.068750
1 0.486250 0.646250 0.050000 0.075000
1 0.411250 0.170000 0.052500 0.065000
1 0.597500 0.095000 0.040000 0.050000
1 0.371250 0.336875 0.065000 0.043750
1 0.212500 0.145625 0.050000 0.073750
1 0.715000 0.667500 0.052500 0.045000
1 0.858750 0.599375 0.057500 0.046250
1 0.138750 0.271250 0.050000 0.060000
1 0.043750 0.848125 0.062500 0.053750
1 0.214375 0.648750 0.041250 0.050000
1 0.638750 0.758750 0.045000 0.052500
1 0.176875 0.156875 0.043750 0.081250
1 0.335000 0.843125 0.062500 0.043750
1 0.970625 0.587500 0.058750 0.072500
1 0.451250 0.231875 0.042500 0.046250
