0 0.703750 0.666875 0.052500 0.063750
0 0.694375 0.233750 0.096250 0.097500
0 0.791875 0.597500 0.073750 0.077500
1 0.474375 0.139375 0.113750 0.138750
1 0.890000 0.139375 0.102500 0.133750
1 0.695625 0.453750 0.081250 0.072500
1 0.620625 0.961875 0.071250 0.073750
1 0.530000 0.517500 0.100000 0.160000
1 0.923750 0.867500 0.060000 0.065000
1 0.233125 0.607500 0.061250 0.125000
1 0.573125 0.475625 0.081250 0.098750
1 0.115000 0.960625 0.097500 0.076250
1 0.203125 0.433750 0.058750 0.090000
1 0.464375 0.863750 0.058750 0.070000
1 0.978125 0.440000 0.041250 0.057500
1 0.826250 0.472500 0.082500 0.075000
1 0.659375 0.615625 0.086250 0.093750
1 0.278750 0.898125 0.062500 0.083750
1 0.097500 0.503125 0.060000 0.051250
1 0.102500 0.366875 0.100000 0.066250
1 0.030000 0.584375 0.057500 0.056250
1 0.055625 0.690625 0.078750 0.073750
1 0.398750 0.945625 0.075000 0.106250
1 0.268125 0.810625 0.116250 0.051250
1 0.116250 0.558750 0.095000 0.075000
1 0.021875 0.293750 0.041250 0.050000
1 0.228125 0.231250 0.051250 0.137500
1 0.216875 0.770000 0.121250 0.060000
1 0.984375 0.200625 0.028750 0.143750
1 0.025625 0.201875 0.048750 0.058750
1 0.439375 0.265000 0.046250 0.040000
1 0.525000 0.015625 0.095000 0.028750
1 0.158750 0.432500 0.057500 0.062500
1 0.352500 0.973125 0.050000 0.053750
1 0.260000 0.181250 0.075000 0.067500
1 0.374375 0.331250 0.063750 0.160000
1 0.458750 0.578750 0.100000 0.080000
1 0.175000 0.905000 0.040000 0.110000
