0 0.458125 0.558750 0.123750 0.122500
0 0.472500 0.384375 0.097500 0.111250
0 0.456875 0.229375 0.118750 0.108750
0 0.375625 0.117500 0.091250 0.080000
0 0.414375 0.476250 0.066250 0.067500
0 0.392500 0.410625 0.052500 0.071250
0 0.373750 0.326250 0.090000 0.085000
0 0.393750 0.638750 0.052500 0.077500
1 0.078750 0.814375 0.065000 0.051250
1 0.712500 0.115625 0.050000 0.046250
1 0.696250 0.031875 0.062500 0.056250
1 0.129375 0.728125 0.061250 0.046250
1 0.933125 0.701875 0.048750 0.048750
1 0.617500 0.531250 0.055000 0.050000
1 0.711250 0.479375 0.070000 0.071250
1 0.576250 0.895625 0.070000 0.056250
1 0.212500 0.780625 0.055000 0.058750
1 0.868750 0.815625 0.045000 0.048750
1 0.183125 0.855625 0.051250 0.046250
1 0.231875 0.947500 0.043750 0.047500
1 0.915625 0.911875 0.051250 0.056250
1 0.658125 0.463125 0.058750 0.051250
1 0.980625 0.695000 0.038750 0.065000
1 0.182500 0.642500 0.072500 0.050000
1 0.091250 0.683125 0.055000 0.053750
1 0.016250 0.697500 0.030000 0.047500
1 0.953125 0.575000 0.058750 0.052500
1 0.980625 0.903125 0.036250 0.041250
1 0.911875 0.520625 0.046250 0.046250
1 0.050000 0.099375 0.062500 0.056250
1 0.981250 0.043125 0.035000 0.051250
1 0.131250 0.657500 0.065000 0.057500
1 0.549375 0.103750 0.043750 0.057500
1 0.955000 0.948125 0.052500 0.046250
1 0.153125 0.975625 0.043750 0.048750
1 0.603125 0.034375 0.066250 0.066250
1 0.600625 0.201875 0.048750 0.058750
1 0.555000 0.855625 0.075000 0.053750
1 0.280000 0.727500 0.042500 0.037500
1 0.128125 0.025625 0.081250 0.048750
1 0.959375 0.482500 0.046250 0.040000
1 0.935625 0.390625 0.051250 0.088750
1 0.657500 0.767500 0.060000 0.050000
1 0.128750 0.180625 0.037500 0.046250
1 0.210625 0.323125 0.048750 0.056250
1 0.218750 0.456250 0.030000 0.030000
1 0.911875 0.761250 0.036250 0.032500
0 0.716875 0.360000 0.126250 0.120000
