0 0.404375 0.784375 0.091250 0.086250
0 0.693125 0.661875 0.071250 0.043750
0 0.511250 0.286250 0.090000 0.090000
1 0.538750 0.066875 0.212500 0.128750
1 0.667500 0.498125 0.152500 0.113750
1 0.058125 0.748125 0.113750 0.083750
1 0.490625 0.580625 0.161250 0.143750
1 0.274375 0.395000 0.151250 0.132500
1 0.038125 0.861250 0.068750 0.140000
1 0.491875 0.367500 0.073750 0.117500
1 0.048750 0.380625 0.090000 0.118750
1 0.028750 0.564375 0.055000 0.111250
1 0.959375 0.614375 0.081250 0.191250
1 0.123125 0.798750 0.066250 0.112500
1 0.256875 0.775000 0.098750 0.060000
1 0.204375 0.088750 0.066250 0.047500
1 0.900625 0.858125 0.096250 0.081250
1 0.844375 0.937500 0.093750 0.062500
1 0.061875 0.136875 0.078750 0.071250
1 0.760000 0.968750 0.062500 0.062500
1 0.322500 0.141875 0.072500 0.066250
1 0.840000 0.674375 0.055000 0.158750
1 0.056250 0.031250 0.055000 0.042500
1 0.260625 0.126250 0.078750 0.060000
1 0.326250 0.628125 0.047500 0.046250
1 0.799375 0.073125 0.046250 0.056250
1 0.018125 0.269375 0.033750 0.051250
1 0.149375 0.364375 0.061250 0.058750
1 0.290000 0.975000 0.115000 0.050000
1 0.948750 0.709375 0.087500 0.081250
