0 0.965000 0.463125 0.070000 0.088750
0 0.655625 0.706250 0.098750 0.095000
0 0.806250 0.408125 0.060000 0.043750
1 0.618750 0.038750 0.105000 0.075000
1 0.960625 0.232500 0.078750 0.077500
1 0.130000 0.210000 0.072500 0.072500
1 0.081875 0.593750 0.038750 0.050000
1 0.906875 0.728125 0.038750 0.048750
1 0.723750 0.226250 0.070000 0.065000
1 0.030000 0.206250 0.057500 0.090000
1 0.572500 0.218750 0.092500 0.070000
1 0.591250 0.576250 0.075000 0.075000
1 0.516250 0.256250 0.110000 0.065000
1 0.253750 0.502500 0.080000 0.097500
1 0.288750 0.339375 0.065000 0.078750
1 0.150000 0.593750 0.067500 0.090000
1 0.018750 0.111875 0.035000 0.036250
1 0.250000 0.201875 0.087500 0.096250
1 0.718750 0.406250 0.090000 0.097500
1 0.890000 0.013750 0.077500 0.025000
1 0.350000 0.255000 0.075000 0.055000
1 0.762500 0.729375 0.032500 0.041250
1 0.527500 0.061250 0.097500 0.075000
1 0.775625 0.110000 0.033750 0.067500
1 0.340000 0.588750 0.047500 0.060000
1 0.277500 0.017500 0.077500 0.032500
