0 0.723125 0.083125 0.073750 0.078750
0 0.695000 0.411875 0.060000 0.058750
0 0.340625 0.522500 0.116250 0.075000
1 0.332500 0.351875 0.070000 0.088750
1 0.556875 0.703750 0.063750 0.090000
1 0.281250 0.261250 0.140000 0.057500
1 0.398125 0.044375 0.051250 0.076250
1 0.440625 0.583750 0.063750 0.057500
1 0.429375 0.871875 0.121250 0.111250
1 0.386875 0.190625 0.083750 0.036250
1 0.461250 0.711250 0.075000 0.070000
1 0.593750 0.869375 0.050000 0.061250
1 0.969375 0.882500 0.061250 0.052500
1 0.977500 0.803125 0.045000 0.081250
1 0.490000 0.366250 0.040000 0.057500
1 0.895000 0.936875 0.057500 0.103750
1 0.350625 0.924375 0.053750 0.098750
1 0.490000 0.136250 0.042500 0.072500
1 0.560000 0.631875 0.052500 0.083750
1 0.475000 0.424375 0.075000 0.043750
1 0.634375 0.445000 0.043750 0.042500
1 0.407500 0.775625 0.062500 0.058750
1 0.442500 0.795625 0.042500 0.073750
1 0.514375 0.968125 0.061250 0.063750
1 0.525625 0.205625 0.046250 0.048750
1 0.525625 0.582500 0.038750 0.062500
1 0.522500 0.156875 0.042500 0.056250
1 0.469375 0.961250 0.056250 0.075000
1 0.019375 0.896250 0.036250 0.047500
1 0.614375 0.691875 0.063750 0.081250
1 0.980000 0.639375 0.037500 0.051250
1 0.503125 0.816250 0.051250 0.080000
1 0.491875 0.876875 0.083750 0.058750
1 0.608125 0.011250 0.043750 0.020000
1 0.986875 0.954375 0.026250 0.091250
