0 0.310000 0.197500 0.140000 0.142500
0 0.562500 0.211875 0.052500 0.063750
0 0.473125 0.206250 0.118750 0.067500
1 0.280625 0.275000 0.111250 0.055000
1 0.574375 0.356250 0.081250 0.050000
1 0.666875 0.143750 0.098750 0.037500
1 0.670000 0.266875 0.055000 0.051250
1 0.621250 0.313750 0.070000 0.040000
1 0.897500 0.225625 0.130000 0.048750
1 0.180000 0.721875 0.040000 0.063750
1 0.365625 0.458750 0.046250 0.055000
1 0.698125 0.683750 0.061250 0.035000
1 0.460625 0.502500 0.056250 0.030000
1 0.456875 0.771875 0.078750 0.071250
1 0.629375 0.617500 0.073750 0.030000
1 0.657500 0.782500 0.087500 0.085000
1 0.795000 0.466250 0.105000 0.035000
1 0.416875 0.330000 0.043750 0.030000
1 0.603750 0.559375 0.067500 0.031250
1 0.833750 0.388750 0.070000 0.042500
1 0.593750 0.600000 0.062500 0.032500
1 0.865625 0.267500 0.043750 0.032500
1 0.210625 0.167500 0.036250 0.117500
1 0.321875 0.504375 0.046250 0.121250
1 0.051875 0.437500 0.021250 0.097500
1 0.624375 0.440625 0.041250 0.036250
