0 0.060000 0.290625 0.077500 0.098750
0 0.132500 0.891875 0.117500 0.081250
0 0.335625 0.927500 0.108750 0.052500
1 0.654375 0.889375 0.086250 0.066250
1 0.752500 0.150000 0.082500 0.067500
1 0.183125 0.526250 0.056250 0.057500
1 0.506875 0.880625 0.048750 0.046250
1 0.058750 0.181250 0.037500 0.072500
1 0.183750 0.224375 0.035000 0.051250
1 0.310625 0.502500 0.046250 0.137500
1 0.628125 0.578750 0.036250 0.045000
1 0.338125 0.875000 0.041250 0.045000
1 0.078750 0.126250 0.045000 0.065000
1 0.780625 0.686875 0.053750 0.038750
1 0.160000 0.086250 0.045000 0.047500
1 0.380000 0.238750 0.045000 0.055000
1 0.133125 0.741250 0.051250 0.055000
1 0.413750 0.856875 0.037500 0.046250
1 0.526250 0.803750 0.070000 0.040000
1 0.545625 0.251250 0.046250 0.037500
1 0.239375 0.604375 0.036250 0.041250
1 0.381875 0.560000 0.033750 0.065000
1 0.510625 0.593125 0.038750 0.056250
1 0.723125 0.815000 0.051250 0.042500
1 0.181250 0.660625 0.037500 0.038750
1 0.827500 0.209375 0.045000 0.043750
1 0.523750 0.833750 0.040000 0.037500
1 0.737500 0.226250 0.040000 0.040000
1 0.665000 0.709375 0.047500 0.036250
1 0.925000 0.682500 0.057500 0.045000
1 0.373750 0.313750 0.050000 0.035000
1 0.153125 0.788750 0.033750 0.042500
1 0.580000 0.225000 0.045000 0.030000
1 0.102500 0.260000 0.042500 0.040000
1 0.426875 0.188125 0.036250 0.056250
1 0.460625 0.287500 0.038750 0.035000
1 0.536875 0.368125 0.043750 0.088750
1 0.359375 0.573125 0.031250 0.048750
1 0.695000 0.556875 0.032500 0.043750
1 0.430625 0.048750 0.033750 0.027500
1 0.847500 0.741250 0.072500 0.045000
1 0.428750 0.779375 0.047500 0.031250
1 0.084375 0.719375 0.046250 0.043750
1 0.147500 0.213750 0.030000 0.042500
1 0.086875 0.040000 0.031250 0.077500
1 0.835625 0.080000 0.071250 0.067500
1 0.873750 0.202500 0.060000 0.047500
1 0.969375 0.124375 0.048750 0.046250
