0 0.041875 0.590625 0.048750 0.046250
0 0.923125 0.616875 0.051250 0.036250
0 0.507500 0.663750 0.030000 0.022500
0 0.091875 0.097500 0.066250 0.087500
1 0.295625 0.968750 0.056250 0.060000
1 0.158125 0.273125 0.051250 0.061250
1 0.553750 0.357500 0.042500 0.052500
1 0.101875 0.922500 0.066250 0.045000
1 0.361250 0.316875 0.050000 0.058750
1 0.211875 0.302500 0.046250 0.052500
1 0.877500 0.970625 0.045000 0.043750
1 0.128125 0.356250 0.056250 0.045000
1 0.516250 0.313125 0.037500 0.041250
1 0.850625 0.329375 0.043750 0.048750
1 0.296250 0.276250 0.045000 0.045000
1 0.632500 0.296875 0.035000 0.036250
1 0.845000 0.280625 0.042500 0.051250
1 0.715625 0.340625 0.041250 0.043750
1 0.165625 0.978750 0.038750 0.042500
1 0.171875 0.936250 0.041250 0.040000
1 0.505625 0.373750 0.038750 0.037500
1 0.327500 0.325000 0.035000 0.050000
1 0.678750 0.341250 0.045000 0.052500
1 0.405000 0.324375 0.045000 0.043750
1 0.965625 0.394375 0.041250 0.041250
1 0.778125 0.354375 0.041250 0.038750
1 0.928750 0.373750 0.037500 0.042500
1 0.272500 0.907500 0.037500 0.040000
1 0.901250 0.480625 0.040000 0.031250
1 0.090000 0.316875 0.040000 0.038750
1 0.459375 0.910625 0.033750 0.036250
1 0.130000 0.433750 0.037500 0.035000
1 0.477500 0.990000 0.037500 0.020000
1 0.785000 0.314375 0.037500 0.036250
1 0.811875 0.454375 0.033750 0.036250
1 0.450625 0.938750 0.048750 0.035000
1 0.081875 0.428125 0.036250 0.033750
1 0.800625 0.990000 0.048750 0.020000
1 0.039375 0.462500 0.036250 0.030000
1 0.357500 0.901250 0.032500 0.037500
1 0.852500 0.990625 0.035000 0.018750
1 0.725000 0.991875 0.060000 0.016250
0 0.748125 0.189375 0.131250 0.083750
0 0.873750 0.224375 0.077500 0.066250
0 0.867500 0.095000 0.102500 0.125000
0 0.786250 0.749375 0.077500 0.071250
