0 0.567500 0.416250 0.030000 0.022500
0 0.606875 0.706250 0.096250 0.092500
0 0.644375 0.803125 0.083750 0.086250
0 0.731875 0.395000 0.111250 0.070000
1 0.846875 0.515625 0.118750 0.083750
1 0.323125 0.737500 0.066250 0.085000
1 0.174375 0.775000 0.126250 0.060000
1 0.588125 0.045625 0.081250 0.071250
1 0.491250 0.882500 0.077500 0.055000
1 0.386875 0.520000 0.106250 0.072500
1 0.313750 0.525000 0.067500 0.075000
1 0.543125 0.778750 0.083750 0.072500
1 0.718750 0.600625 0.092500 0.071250
1 0.173125 0.727500 0.113750 0.057500
1 0.400000 0.980000 0.097500 0.040000
1 0.465000 0.815000 0.082500 0.075000
1 0.413750 0.243125 0.047500 0.056250
1 0.486250 0.454375 0.060000 0.083750
1 0.345625 0.902500 0.076250 0.070000
1 0.231875 0.980000 0.078750 0.040000
1 0.207500 0.013750 0.062500 0.025000
1 0.410000 0.430625 0.107500 0.076250
1 0.246250 0.916250 0.082500 0.100000
1 0.466875 0.138750 0.096250 0.070000
1 0.155000 0.574375 0.085000 0.083750
1 0.021250 0.939375 0.040000 0.081250
1 0.160000 0.818750 0.077500 0.045000
