0 0.093125 0.066250 0.183750 0.130000
0 0.291250 0.096250 0.075000 0.095000
0 0.040625 0.323750 0.078750 0.107500
1 0.860000 0.887500 0.107500 0.107500
1 0.728750 0.503750 0.087500 0.105000
1 0.433125 0.213125 0.093750 0.153750
1 0.958750 0.558750 0.082500 0.062500
1 0.659375 0.157500 0.041250 0.075000
1 0.616250 0.618750 0.045000 0.102500
1 0.760000 0.822500 0.072500 0.090000
1 0.557500 0.710625 0.047500 0.078750
1 0.881250 0.088125 0.047500 0.108750
1 0.576875 0.865625 0.051250 0.081250
1 0.956875 0.888125 0.083750 0.058750
1 0.804375 0.553750 0.098750 0.075000
1 0.641250 0.313750 0.072500 0.090000
1 0.960000 0.359375 0.080000 0.071250
1 0.882500 0.587500 0.045000 0.095000
1 0.875625 0.293750 0.081250 0.097500
1 0.688125 0.960000 0.076250 0.077500
1 0.743125 0.085625 0.046250 0.108750
1 0.540625 0.081250 0.043750 0.110000
1 0.901250 0.757500 0.072500 0.065000
1 0.666250 0.881250 0.050000 0.067500
1 0.453750 0.956875 0.040000 0.086250
1 0.428750 0.545000 0.070000 0.050000
1 0.977500 0.015000 0.045000 0.027500
1 0.578750 0.201250 0.042500 0.155000
