0 0.095625 0.394375 0.111250 0.073750
0 0.038125 0.414375 0.073750 0.166250
0 0.146875 0.461250 0.041250 0.057500
1 0.614375 0.453125 0.068750 0.111250
1 0.297500 0.843750 0.152500 0.072500
1 0.830000 0.703750 0.185000 0.075000
1 0.291250 0.695625 0.140000 0.063750
1 0.601250 0.608125 0.092500 0.101250
1 0.851875 0.414375 0.066250 0.056250
1 0.735625 0.860625 0.128750 0.123750
1 0.870000 0.056875 0.090000 0.061250
1 0.346250 0.493750 0.150000 0.107500
1 0.297500 0.235000 0.052500 0.047500
1 0.263750 0.338750 0.100000 0.050000
1 0.529375 0.953125 0.133750 0.038750
1 0.731875 0.391875 0.073750 0.081250
1 0.951250 0.170000 0.070000 0.077500
1 0.577500 0.267500 0.100000 0.072500
1 0.137500 0.815625 0.075000 0.043750
