0 0.783750 0.377500 0.087500 0.097500
0 0.388125 0.360625 0.116250 0.088750
0 0.455625 0.293750 0.076250 0.095000
0 0.701875 0.396875 0.101250 0.086250
1 0.538750 0.924375 0.065000 0.076250
1 0.591875 0.841250 0.048750 0.122500
1 0.626250 0.876875 0.075000 0.088750
1 0.720000 0.116875 0.047500 0.066250
1 0.591250 0.595625 0.087500 0.051250
1 0.752500 0.600000 0.080000 0.052500
1 0.365000 0.593125 0.047500 0.066250
1 0.495625 0.756250 0.041250 0.095000
1 0.568750 0.655625 0.070000 0.053750
1 0.271250 0.640625 0.042500 0.061250
1 0.198125 0.535625 0.048750 0.041250
1 0.518750 0.813125 0.060000 0.121250
1 0.930625 0.902500 0.083750 0.095000
1 0.160625 0.598125 0.053750 0.041250
1 0.715625 0.864375 0.053750 0.091250
1 0.618750 0.540000 0.045000 0.037500
1 0.289375 0.740000 0.053750 0.095000
1 0.700000 0.532500 0.052500 0.055000
1 0.676250 0.853750 0.060000 0.085000
1 0.230625 0.560625 0.046250 0.038750
1 0.478750 0.653750 0.040000 0.045000
1 0.487500 0.543750 0.057500 0.047500
1 0.768750 0.688125 0.070000 0.043750
1 0.715625 0.706250 0.051250 0.070000
1 0.669375 0.963125 0.031250 0.043750
1 0.631875 0.806875 0.046250 0.068750
