0 0.780625 0.223125 0.106250 0.111250
0 0.100625 0.667500 0.086250 0.070000
0 0.837500 0.607500 0.070000 0.082500
1 0.056875 0.360000 0.106250 0.057500
1 0.374375 0.374375 0.053750 0.083750
1 0.179375 0.333750 0.068750 0.050000
1 0.738750 0.853750 0.057500 0.062500
1 0.596250 0.260000 0.047500 0.070000
1 0.241250 0.486250 0.055000 0.050000
1 0.677500 0.421250 0.047500 0.055000
1 0.873125 0.432500 0.043750 0.045000
1 0.869375 0.967500 0.063750 0.047500
1 0.470625 0.925000 0.046250 0.055000
1 0.976250 0.813125 0.045000 0.038750
1 0.934375 0.865625 0.046250 0.046250
1 0.714375 0.392500 0.051250 0.062500
1 0.848125 0.865625 0.046250 0.046250
1 0.753750 0.301875 0.035000 0.038750
1 0.345625 0.960625 0.036250 0.036250
1 0.735625 0.903125 0.041250 0.036250
1 0.011250 0.418750 0.020000 0.055000
0 0.526875 0.324375 0.091250 0.098750
0 0.551875 0.209375 0.071250 0.078750
0 0.748750 0.082500 0.055000 0.052500
0 0.623125 0.636875 0.146250 0.146250
