0 0.735625 0.508750 0.083750 0.085000
0 0.210625 0.315625 0.063750 0.066250
0 0.213750 0.961250 0.072500 0.070000
0 0.285000 0.199375 0.052500 0.063750
1 0.107500 0.866875 0.060000 0.046250
1 0.764375 0.835625 0.126250 0.078750
1 0.411250 0.206875 0.082500 0.066250
1 0.158125 0.866875 0.078750 0.068750
1 0.018125 0.573750 0.033750 0.150000
1 0.081250 0.025625 0.160000 0.048750
1 0.855625 0.944375 0.131250 0.101250
1 0.558750 0.733125 0.075000 0.063750
1 0.418125 0.866875 0.153750 0.138750
1 0.384375 0.773750 0.243750 0.182500
1 0.712500 0.796250 0.127500 0.122500
1 0.505000 0.443750 0.047500 0.057500
1 0.598125 0.805000 0.066250 0.067500
1 0.661875 0.732500 0.083750 0.077500
1 0.030625 0.759375 0.058750 0.068750
1 0.935000 0.241875 0.120000 0.196250
1 0.141875 0.210000 0.063750 0.072500
1 0.016875 0.381875 0.031250 0.066250
1 0.621250 0.065000 0.077500 0.070000
1 0.780625 0.317500 0.151250 0.237500
1 0.568125 0.925625 0.078750 0.133750
1 0.557500 0.075625 0.065000 0.063750
1 0.636250 0.611875 0.072500 0.081250
1 0.672500 0.982500 0.045000 0.035000
1 0.040625 0.968750 0.078750 0.062500
1 0.363750 0.718125 0.165000 0.081250
1 0.783125 0.708750 0.146250 0.172500
1 0.795000 0.903750 0.107500 0.080000
1 0.825625 0.233750 0.106250 0.060000
1 0.590000 0.406875 0.075000 0.051250
1 0.670625 0.013125 0.058750 0.023750
1 0.410625 0.378750 0.033750 0.045000
1 0.518750 0.237500 0.060000 0.045000
1 0.573750 0.652500 0.067500 0.085000
1 0.761875 0.139375 0.091250 0.091250
1 0.795625 0.781250 0.103750 0.137500
1 0.451875 0.365625 0.041250 0.053750
1 0.879375 0.501875 0.221250 0.121250
1 0.045000 0.906250 0.087500 0.097500
1 0.107500 0.783125 0.095000 0.076250
1 0.488125 0.259375 0.066250 0.108750
1 0.201250 0.553750 0.097500 0.052500
1 0.026875 0.853125 0.051250 0.046250
1 0.817500 0.605625 0.132500 0.081250
