0 0.508750 0.040000 0.102500 0.077500
0 0.548125 0.960000 0.026250 0.035000
0 0.406250 0.489375 0.075000 0.073750
0 0.463125 0.387500 0.098750 0.115000
1 0.196250 0.519375 0.090000 0.098750
1 0.232500 0.790000 0.070000 0.070000
1 0.153750 0.581250 0.072500 0.062500
1 0.411875 0.553125 0.061250 0.068750
1 0.784375 0.556250 0.071250 0.065000
1 0.863750 0.103750 0.082500 0.082500
1 0.693750 0.370000 0.090000 0.105000
1 0.096875 0.976875 0.051250 0.043750
1 0.980000 0.426250 0.040000 0.107500
1 0.097500 0.215625 0.087500 0.076250
1 0.076250 0.626250 0.080000 0.055000
1 0.265625 0.368750 0.091250 0.120000
1 0.778750 0.477500 0.050000 0.055000
1 0.675625 0.790000 0.071250 0.060000
1 0.207500 0.651875 0.055000 0.048750
1 0.646250 0.333750 0.042500 0.062500
1 0.268750 0.683750 0.050000 0.052500
1 0.698125 0.731875 0.046250 0.048750
1 0.809375 0.745000 0.061250 0.045000
1 0.878125 0.336875 0.053750 0.061250
1 0.580000 0.461875 0.055000 0.076250
1 0.599375 0.530625 0.056250 0.051250
1 0.305000 0.975625 0.047500 0.046250
1 0.766875 0.719375 0.063750 0.043750
1 0.105000 0.843125 0.052500 0.048750
1 0.750625 0.769375 0.046250 0.053750
1 0.311875 0.872500 0.056250 0.050000
1 0.640000 0.569375 0.055000 0.066250
1 0.780000 0.798750 0.055000 0.042500
1 0.668125 0.610000 0.041250 0.045000
1 0.299375 0.198750 0.076250 0.070000
1 0.809375 0.336250 0.106250 0.112500
1 0.118750 0.805000 0.047500 0.040000
1 0.306875 0.525625 0.148750 0.058750
1 0.248125 0.275000 0.043750 0.052500
1 0.722500 0.440625 0.042500 0.046250
1 0.017500 0.883125 0.032500 0.041250
1 0.626250 0.236875 0.047500 0.071250
1 0.758125 0.240000 0.046250 0.045000
1 0.100000 0.688750 0.050000 0.052500
1 0.725000 0.923125 0.047500 0.043750
1 0.015625 0.415000 0.028750 0.067500
1 0.485000 0.628125 0.070000 0.048750
1 0.013750 0.705000 0.025000 0.047500
1 0.686875 0.941875 0.041250 0.036250
1 0.015000 0.828125 0.027500 0.041250
1 0.011250 0.100625 0.020000 0.071250
1 0.013125 0.931875 0.023750 0.048750
1 0.274375 0.083750 0.071250 0.085000
1 0.078125 0.025625 0.046250 0.048750
1 0.695000 0.106875 0.087500 0.096250
1 0.045000 0.980625 0.037500 0.036250
1 0.903750 0.021875 0.112500 0.041250
1 0.025000 0.542500 0.047500 0.052500
1 0.333750 0.548125 0.080000 0.061250
1 0.741250 0.366250 0.042500 0.045000
1 0.988125 0.509375 0.021250 0.076250
1 0.178125 0.011250 0.071250 0.020000
1 0.714375 0.020000 0.078750 0.037500
1 0.144375 0.078750 0.041250 0.047500
1 0.027500 0.668750 0.042500 0.037500
1 0.431875 0.638750 0.058750 0.050000
1 0.246250 0.156875 0.072500 0.061250
1 0.015625 0.611875 0.028750 0.061250
