0 0.607500 0.684375 0.077500 0.078750
0 0.512500 0.178125 0.080000 0.078750
0 0.512500 0.658750 0.082500 0.077500
1 0.488750 0.833750 0.140000 0.072500
1 0.278125 0.293750 0.093750 0.102500
1 0.551875 0.746250 0.098750 0.095000
1 0.813125 0.174375 0.066250 0.076250
1 0.565000 0.105625 0.130000 0.088750
1 0.918125 0.563125 0.103750 0.108750
1 0.207500 0.881875 0.110000 0.071250
1 0.702500 0.900625 0.102500 0.063750
1 0.407500 0.686250 0.060000 0.132500
1 0.629375 0.498125 0.113750 0.063750
1 0.750000 0.571875 0.055000 0.131250
1 0.602500 0.881250 0.082500 0.052500
1 0.519375 0.257500 0.101250 0.072500
1 0.668750 0.389375 0.100000 0.066250
1 0.422500 0.341250 0.095000 0.077500
1 0.619375 0.815000 0.101250 0.080000
1 0.413750 0.266250 0.045000 0.077500
1 0.937500 0.122500 0.097500 0.150000
1 0.049375 0.225625 0.096250 0.063750
1 0.831875 0.521250 0.056250 0.100000
1 0.771875 0.253750 0.061250 0.070000
1 0.903750 0.771875 0.125000 0.068750
1 0.381875 0.453750 0.053750 0.077500
1 0.735625 0.145000 0.133750 0.060000
1 0.446250 0.490625 0.112500 0.076250
1 0.716250 0.063750 0.075000 0.115000
1 0.886250 0.233750 0.047500 0.072500
1 0.945000 0.675000 0.062500 0.137500
1 0.394375 0.580625 0.061250 0.096250
1 0.622500 0.268125 0.070000 0.046250
1 0.045000 0.183750 0.087500 0.045000
1 0.545000 0.061875 0.092500 0.066250
1 0.179375 0.567500 0.053750 0.107500
1 0.109375 0.938125 0.093750 0.098750
1 0.053125 0.420000 0.103750 0.095000
1 0.770000 0.356875 0.052500 0.076250
1 0.225000 0.191250 0.075000 0.047500
1 0.203125 0.954375 0.093750 0.046250
1 0.050625 0.125625 0.063750 0.066250
1 0.107500 0.641875 0.137500 0.056250
1 0.158125 0.091250 0.058750 0.130000
1 0.155000 0.670000 0.130000 0.052500
1 0.211250 0.287500 0.062500 0.042500
1 0.250625 0.773750 0.106250 0.082500
1 0.698125 0.573750 0.046250 0.047500
1 0.634375 0.203750 0.073750 0.045000
1 0.819375 0.423125 0.043750 0.048750
1 0.845625 0.891875 0.048750 0.071250
1 0.846250 0.033750 0.052500 0.060000
1 0.661875 0.450000 0.076250 0.050000
1 0.256875 0.094375 0.058750 0.108750
1 0.212500 0.825000 0.105000 0.045000
1 0.101250 0.539375 0.087500 0.048750
1 0.331250 0.226250 0.050000 0.052500
1 0.373125 0.273750 0.033750 0.045000
1 0.096875 0.361250 0.071250 0.042500
1 0.423750 0.025625 0.157500 0.048750
1 0.101875 0.816250 0.093750 0.045000
1 0.541250 0.403750 0.105000 0.042500
1 0.633125 0.340000 0.103750 0.045000
1 0.930625 0.361250 0.121250 0.057500
1 0.708750 0.854375 0.045000 0.061250
1 0.359375 0.408750 0.091250 0.037500
1 0.912500 0.434375 0.057500 0.046250
1 0.173750 0.041875 0.070000 0.066250
1 0.832500 0.659375 0.057500 0.096250
1 0.925000 0.234375 0.077500 0.063750
1 0.394375 0.117500 0.063750 0.042500
1 0.255000 0.506250 0.032500 0.050000
1 0.378750 0.786250 0.082500 0.070000
1 0.472500 0.933750 0.107500 0.062500
1 0.912500 0.876250 0.077500 0.057500
1 0.082500 0.735000 0.107500 0.090000
1 0.409375 0.782500 0.091250 0.052500
1 0.130000 0.298750 0.100000 0.065000
1 0.100625 0.415625 0.053750 0.043750
1 0.394375 0.370625 0.068750 0.031250
1 0.313125 0.788750 0.033750 0.070000
1 0.018750 0.442500 0.035000 0.122500
1 0.053750 0.866250 0.105000 0.085000
1 0.094375 0.055000 0.076250 0.052500
1 0.946250 0.954375 0.102500 0.068750
1 0.892500 0.945625 0.045000 0.071250
1 0.455625 0.913125 0.053750 0.028750
1 0.696875 0.258750 0.061250 0.045000
1 0.105625 0.966875 0.091250 0.043750
1 0.982500 0.710000 0.032500 0.135000
1 0.700000 0.296250 0.050000 0.045000
1 0.965000 0.055625 0.060000 0.083750
1 0.978750 0.095000 0.042500 0.037500
1 0.046250 0.313750 0.037500 0.087500
