0 0.948750 0.262500 0.102500 0.122500
0 0.412500 0.402500 0.047500 0.050000
1 0.163750 0.667500 0.187500 0.182500
1 0.467500 0.703125 0.092500 0.053750
1 0.445625 0.598125 0.151250 0.088750
1 0.484375 0.153750 0.041250 0.042500
1 0.317500 0.025000 0.092500 0.047500
1 0.650625 0.535625 0.081250 0.053750
1 0.408125 0.097500 0.076250 0.052500
1 0.067500 0.890625 0.132500 0.078750
1 0.402500 0.027500 0.075000 0.052500
1 0.846250 0.334375 0.105000 0.053750
1 0.318125 0.346875 0.098750 0.151250
1 0.748125 0.565000 0.168750 0.072500
1 0.816875 0.268750 0.143750 0.085000
1 0.531875 0.941250 0.066250 0.117500
1 0.746875 0.885625 0.258750 0.108750
1 0.937500 0.375000 0.087500 0.050000
1 0.971875 0.619375 0.056250 0.111250
1 0.887500 0.533125 0.117500 0.081250
1 0.110000 0.187500 0.062500 0.045000
1 0.969375 0.789375 0.058750 0.041250
1 0.131250 0.806875 0.207500 0.126250
1 0.349375 0.443750 0.093750 0.057500
1 0.333125 0.472500 0.108750 0.080000
1 0.401250 0.294375 0.067500 0.046250
1 0.265625 0.196250 0.118750 0.070000
1 0.176250 0.392500 0.172500 0.112500
1 0.413125 0.338750 0.111250 0.107500
1 0.038125 0.581250 0.073750 0.047500
1 0.948125 0.501875 0.091250 0.166250
1 0.262500 0.840000 0.115000 0.070000
1 0.038750 0.972500 0.075000 0.052500
1 0.556250 0.541875 0.107500 0.093750
1 0.210000 0.765000 0.125000 0.055000
1 0.896250 0.091875 0.202500 0.141250
1 0.663750 0.984375 0.072500 0.023750
1 0.428125 0.525000 0.081250 0.060000
1 0.178750 0.136875 0.090000 0.086250
1 0.958125 0.043750 0.083750 0.085000
1 0.196250 0.251250 0.125000 0.040000
