0 0.200625 0.484375 0.101250 0.101250
0 0.255625 0.407500 0.038750 0.035000
0 0.176875 0.421250 0.058750 0.072500
0 0.756875 0.531875 0.043750 0.033750
1 0.468750 0.025000 0.050000 0.047500
1 0.631875 0.929375 0.056250 0.056250
1 0.447500 0.895625 0.080000 0.056250
1 0.450625 0.960625 0.041250 0.076250
1 0.642500 0.328125 0.047500 0.071250
1 0.666875 0.390000 0.063750 0.052500
1 0.548125 0.843125 0.043750 0.056250
1 0.488750 0.782500 0.035000 0.040000
1 0.516875 0.904375 0.053750 0.043750
1 0.596875 0.028750 0.041250 0.055000
