0 0.338125 0.418750 0.048750 0.060000
0 0.659375 0.248750 0.073750 0.072500
0 0.748125 0.255625 0.103750 0.116250
1 0.191250 0.677500 0.077500 0.052500
1 0.714375 0.956250 0.053750 0.087500
1 0.100625 0.816250 0.138750 0.055000
1 0.881875 0.879375 0.041250 0.063750
1 0.551250 0.886250 0.070000 0.042500
1 0.615000 0.640625 0.060000 0.038750
1 0.508750 0.660625 0.077500 0.036250
1 0.473125 0.493750 0.078750 0.062500
1 0.953750 0.671250 0.087500 0.042500
1 0.618750 0.888750 0.057500 0.055000
1 0.078750 0.877500 0.102500 0.067500
1 0.505625 0.554375 0.096250 0.053750
1 0.453750 0.986250 0.072500 0.025000
1 0.761875 0.855000 0.053750 0.052500
1 0.121250 0.520000 0.055000 0.112500
