0 0.296875 0.560625 0.058750 0.061250
0 0.328750 0.769375 0.082500 0.083750
0 0.146250 0.595625 0.057500 0.056250
1 0.144375 0.808750 0.108750 0.077500
1 0.041875 0.613125 0.081250 0.118750
1 0.712500 0.065625 0.072500 0.121250
1 0.734375 0.573125 0.121250 0.078750
1 0.287500 0.085625 0.055000 0.086250
1 0.191875 0.658750 0.081250 0.065000
1 0.040000 0.183750 0.075000 0.060000
1 0.878125 0.351250 0.123750 0.075000
1 0.595625 0.099375 0.046250 0.093750
1 0.401250 0.308125 0.057500 0.066250
1 0.669375 0.546250 0.046250 0.117500
1 0.866875 0.916250 0.131250 0.062500
1 0.610000 0.192500 0.047500 0.082500
1 0.720000 0.936250 0.055000 0.085000
1 0.935000 0.692500 0.060000 0.067500
1 0.160625 0.710000 0.058750 0.045000
1 0.104375 0.679375 0.043750 0.076250
1 0.788125 0.865000 0.086250 0.057500
1 0.454375 0.911875 0.056250 0.053750
1 0.865625 0.605625 0.058750 0.118750
1 0.911250 0.580000 0.047500 0.060000
1 0.518125 0.356250 0.053750 0.052500
1 0.621875 0.942500 0.043750 0.070000
1 0.416875 0.250625 0.076250 0.063750
1 0.326250 0.088750 0.042500 0.105000
1 0.251875 0.320000 0.043750 0.047500
1 0.691875 0.323125 0.056250 0.056250
1 0.032500 0.251875 0.052500 0.056250
1 0.453125 0.730625 0.053750 0.076250
1 0.268750 0.276875 0.057500 0.048750
1 0.176875 0.913125 0.051250 0.076250
1 0.141875 0.157500 0.056250 0.065000
1 0.066875 0.354375 0.043750 0.053750
1 0.386875 0.073750 0.046250 0.057500
1 0.306875 0.448125 0.051250 0.043750
1 0.429375 0.112500 0.043750 0.080000
1 0.258750 0.212500 0.057500 0.055000
1 0.841875 0.773750 0.081250 0.052500
1 0.638750 0.645625 0.090000 0.053750
1 0.342500 0.211875 0.082500 0.063750
1 0.363750 0.347500 0.070000 0.042500
1 0.268125 0.663125 0.118750 0.048750
1 0.505000 0.307500 0.037500 0.057500
1 0.401875 0.199375 0.048750 0.048750
1 0.498125 0.652500 0.051250 0.065000
1 0.416875 0.688750 0.046250 0.040000
1 0.216250 0.303125 0.042500 0.048750
1 0.211250 0.085000 0.062500 0.140000
1 0.204375 0.347500 0.063750 0.040000
1 0.101875 0.315000 0.041250 0.047500
1 0.131250 0.351250 0.052500 0.052500
1 0.519375 0.747500 0.046250 0.062500
1 0.481250 0.216875 0.050000 0.053750
1 0.121875 0.233125 0.036250 0.046250
1 0.787500 0.172500 0.072500 0.072500
1 0.948125 0.615000 0.036250 0.055000
1 0.905625 0.078125 0.036250 0.138750
1 0.889375 0.227500 0.083750 0.042500
1 0.572500 0.293125 0.060000 0.048750
1 0.808125 0.709375 0.061250 0.106250
1 0.768750 0.811875 0.067500 0.041250
1 0.980625 0.791875 0.038750 0.113750
1 0.759375 0.226250 0.053750 0.077500
1 0.628125 0.818750 0.068750 0.042500
1 0.664375 0.860000 0.081250 0.055000
1 0.895000 0.807500 0.062500 0.045000
1 0.784375 0.350000 0.061250 0.052500
1 0.706250 0.725625 0.092500 0.051250
1 0.165625 0.043125 0.066250 0.081250
1 0.370625 0.855625 0.101250 0.071250
1 0.410625 0.890000 0.091250 0.065000
1 0.541875 0.835625 0.093750 0.026250
1 0.540000 0.861250 0.067500 0.030000
1 0.876875 0.074375 0.033750 0.126250
