0 0.246250 0.103750 0.035000 0.090000
0 0.186250 0.081250 0.050000 0.077500
0 0.458125 0.223125 0.051250 0.078750
1 0.679375 0.906875 0.091250 0.101250
1 0.298750 0.615000 0.077500 0.092500
1 0.159375 0.791250 0.091250 0.047500
1 0.873750 0.714375 0.060000 0.043750
1 0.581875 0.813750 0.041250 0.032500
1 0.901250 0.463125 0.035000 0.053750
1 0.952500 0.658125 0.067500 0.061250
1 0.641250 0.806250 0.057500 0.035000
1 0.587500 0.635000 0.037500 0.042500
1 0.516250 0.749375 0.115000 0.056250
1 0.948125 0.810625 0.058750 0.038750
1 0.785625 0.185000 0.043750 0.040000
1 0.795625 0.768750 0.056250 0.070000
1 0.695625 0.734375 0.043750 0.041250
1 0.146250 0.691875 0.100000 0.036250
1 0.380625 0.306250 0.071250 0.067500
1 0.548125 0.349375 0.036250 0.036250
1 0.145625 0.663125 0.093750 0.031250
1 0.374375 0.167500 0.033750 0.037500
1 0.337500 0.505000 0.060000 0.035000
1 0.061250 0.900625 0.120000 0.076250
1 0.342500 0.068750 0.067500 0.077500
