0 0.052500 0.575000 0.102500 0.165000
0 0.671875 0.305625 0.113750 0.121250
0 0.682500 0.193750 0.052500 0.050000
0 0.413750 0.656250 0.145000 0.155000
1 0.780625 0.448750 0.068750 0.070000
1 0.148125 0.220000 0.056250 0.045000
1 0.353750 0.474375 0.030000 0.058750
1 0.238125 0.643125 0.036250 0.081250
1 0.812500 0.585000 0.072500 0.070000
1 0.966875 0.805625 0.061250 0.106250
0 0.411250 0.830000 0.077500 0.067500
0 0.218750 0.883750 0.087500 0.062500
0 0.525625 0.890625 0.071250 0.068750
0 0.905625 0.820000 0.086250 0.135000
0 0.674375 0.631875 0.136250 0.118750
