0 0.752500 0.519375 0.050000 0.048750
0 0.673125 0.488750 0.046250 0.047500
1 0.099375 0.466875 0.056250 0.033750
1 0.342500 0.380000 0.122500 0.092500
1 0.788750 0.619375 0.087500 0.073750
1 0.736875 0.968125 0.091250 0.061250
1 0.727500 0.669375 0.092500 0.061250
1 0.263750 0.521875 0.062500 0.063750
1 0.143125 0.393125 0.106250 0.108750
1 0.069375 0.276250 0.063750 0.042500
1 0.630000 0.118750 0.140000 0.050000
1 0.478750 0.936875 0.217500 0.086250
1 0.025000 0.513750 0.047500 0.072500
1 0.056875 0.598125 0.111250 0.078750
1 0.683125 0.086875 0.051250 0.026250
1 0.593125 0.706250 0.051250 0.067500
