0 0.192500 0.847500 0.122500 0.150000
0 0.821875 0.903750 0.166250 0.192500
0 0.577500 0.398750 0.122500 0.117500
0 0.435625 0.384375 0.123750 0.098750
0 0.386250 0.941875 0.125000 0.116250
0 0.788750 0.450000 0.167500 0.137500
1 0.248125 0.391250 0.041250 0.062500
1 0.228750 0.450625 0.040000 0.061250
1 0.660000 0.496875 0.045000 0.068750
1 0.408750 0.065000 0.065000 0.042500
1 0.481250 0.563125 0.037500 0.063750
1 0.438125 0.531875 0.041250 0.051250
1 0.021875 0.613125 0.041250 0.046250
1 0.521875 0.661250 0.048750 0.042500
1 0.393125 0.587500 0.068750 0.047500
1 0.656250 0.696875 0.042500 0.043750
1 0.930000 0.605000 0.047500 0.037500
1 0.256875 0.620625 0.053750 0.043750
1 0.477500 0.043125 0.042500 0.036250
1 0.305000 0.689375 0.040000 0.041250
1 0.736250 0.668125 0.045000 0.053750
