0 0.510625 0.352500 0.056250 0.057500
0 0.187500 0.300000 0.140000 0.100000
0 0.157500 0.955000 0.085000 0.070000
0 0.858750 0.194375 0.082500 0.083750
1 0.649375 0.492500 0.068750 0.055000
1 0.861250 0.835625 0.070000 0.063750
1 0.017500 0.916875 0.032500 0.083750
1 0.363750 0.613750 0.065000 0.085000
1 0.145000 0.065000 0.060000 0.065000
1 0.419375 0.228750 0.056250 0.070000
1 0.500625 0.657500 0.063750 0.070000
1 0.844375 0.272500 0.056250 0.055000
1 0.255625 0.852500 0.063750 0.070000
1 0.072500 0.706875 0.057500 0.051250
1 0.781875 0.673750 0.076250 0.070000
1 0.808125 0.446250 0.071250 0.047500
1 0.599375 0.069375 0.071250 0.066250
1 0.197500 0.598750 0.047500 0.070000
1 0.725625 0.753750 0.056250 0.050000
1 0.071875 0.791875 0.048750 0.061250
1 0.678125 0.805000 0.071250 0.060000
1 0.735625 0.653125 0.056250 0.053750
1 0.656250 0.655000 0.057500 0.045000
1 0.578125 0.600625 0.053750 0.078750
1 0.468125 0.088750 0.058750 0.057500
1 0.676875 0.083125 0.056250 0.046250
1 0.793750 0.855625 0.045000 0.051250
1 0.061875 0.636875 0.046250 0.053750
1 0.771875 0.300625 0.058750 0.061250
1 0.152500 0.447500 0.050000 0.047500
1 0.874375 0.483750 0.043750 0.050000
1 0.499375 0.355625 0.076250 0.053750
1 0.876875 0.656875 0.076250 0.076250
1 0.405625 0.832500 0.056250 0.077500
