0 0.517500 0.715000 0.060000 0.045000
0 0.140625 0.733750 0.058750 0.062500
0 0.586250 0.645625 0.032500 0.041250
1 0.360625 0.206250 0.076250 0.147500
1 0.339375 0.484375 0.091250 0.153750
1 0.341250 0.967500 0.090000 0.065000
1 0.328125 0.129375 0.058750 0.091250
1 0.126250 0.386875 0.077500 0.046250
1 0.120000 0.164375 0.080000 0.098750
1 0.290000 0.320000 0.080000 0.050000
1 0.922500 0.093125 0.052500 0.113750
1 0.242500 0.954375 0.077500 0.083750
1 0.975000 0.516875 0.050000 0.071250
1 0.697500 0.846875 0.095000 0.111250
1 0.910000 0.335625 0.057500 0.073750
1 0.751875 0.521250 0.091250 0.105000
1 0.745000 0.730625 0.077500 0.113750
1 0.908125 0.501875 0.081250 0.071250
1 0.105625 0.438750 0.083750 0.060000
1 0.260000 0.131875 0.102500 0.118750
1 0.878750 0.407500 0.080000 0.057500
1 0.410000 0.590000 0.062500 0.060000
1 0.099375 0.042500 0.116250 0.052500
1 0.896250 0.268750 0.080000 0.072500
1 0.845625 0.323125 0.086250 0.073750
1 0.788750 0.848750 0.090000 0.070000
1 0.430000 0.151875 0.067500 0.068750
1 0.275000 0.243750 0.040000 0.062500
1 0.285000 0.360625 0.062500 0.046250
1 0.176875 0.316875 0.056250 0.078750
1 0.653750 0.395000 0.095000 0.055000
1 0.250625 0.872500 0.083750 0.085000
1 0.232500 0.231875 0.087500 0.106250
1 0.797500 0.168750 0.060000 0.070000
1 0.791875 0.079375 0.048750 0.116250
1 0.779375 0.424375 0.068750 0.051250
1 0.855000 0.626250 0.075000 0.150000
1 0.315000 0.043750 0.100000 0.085000
1 0.885000 0.723750 0.067500 0.067500
