0 0.825625 0.387500 0.121250 0.082500
0 0.836875 0.604375 0.098750 0.096250
0 0.767500 0.180000 0.095000 0.097500
1 0.111875 0.648125 0.081250 0.068750
1 0.899375 0.046250 0.096250 0.090000
1 0.503750 0.591875 0.052500 0.066250
1 0.045000 0.230000 0.087500 0.060000
1 0.203750 0.621250 0.102500 0.092500
1 0.141875 0.898750 0.088750 0.092500
1 0.297500 0.805000 0.082500 0.067500
1 0.467500 0.807500 0.070000 0.065000
1 0.234375 0.870625 0.086250 0.106250
1 0.478750 0.594375 0.050000 0.043750
1 0.610625 0.649375 0.133750 0.226250
1 0.214375 0.841250 0.073750 0.057500
1 0.536250 0.085000 0.057500 0.070000
1 0.763750 0.022500 0.075000 0.042500
1 0.064375 0.373125 0.126250 0.078750
1 0.057500 0.197500 0.095000 0.107500
1 0.081875 0.475000 0.086250 0.067500
1 0.206250 0.036250 0.137500 0.070000
1 0.928750 0.717500 0.072500 0.070000
1 0.030625 0.643125 0.058750 0.061250
1 0.170000 0.146250 0.090000 0.080000
1 0.263125 0.355000 0.088750 0.145000
1 0.291875 0.760625 0.048750 0.081250
1 0.978125 0.955625 0.043750 0.088750
1 0.150000 0.092500 0.082500 0.045000
1 0.200000 0.977500 0.100000 0.045000
1 0.025000 0.321875 0.047500 0.063750
1 0.230000 0.736250 0.047500 0.170000
1 0.923750 0.197500 0.085000 0.057500
1 0.543125 0.791875 0.101250 0.183750
1 0.171250 0.671875 0.067500 0.051250
1 0.160625 0.392500 0.071250 0.097500
1 0.211875 0.568750 0.076250 0.102500
1 0.139375 0.260625 0.096250 0.043750
0 0.807500 0.491875 0.110000 0.113750
