0 0.102500 0.566250 0.082500 0.087500
0 0.185625 0.272500 0.061250 0.065000
0 0.259375 0.276250 0.088750 0.090000
1 0.690000 0.936250 0.102500 0.115000
1 0.971250 0.688750 0.057500 0.080000
1 0.468750 0.033750 0.115000 0.060000
1 0.568125 0.426250 0.073750 0.072500
1 0.600625 0.733125 0.116250 0.053750
1 0.614375 0.056875 0.063750 0.061250
1 0.422500 0.083750 0.042500 0.075000
1 0.466250 0.330625 0.042500 0.061250
1 0.831875 0.566875 0.043750 0.066250
1 0.458750 0.716250 0.050000 0.050000
1 0.082500 0.681250 0.062500 0.065000
1 0.895625 0.220625 0.041250 0.061250
1 0.343750 0.167500 0.137500 0.057500
1 0.244375 0.546250 0.136250 0.077500
1 0.506250 0.644375 0.062500 0.041250
1 0.331250 0.276875 0.075000 0.053750
1 0.923750 0.534375 0.045000 0.041250
1 0.465000 0.836250 0.055000 0.060000
1 0.115625 0.379375 0.038750 0.041250
1 0.901250 0.862500 0.037500 0.037500
1 0.144375 0.975000 0.036250 0.047500
1 0.898750 0.355000 0.042500 0.040000
1 0.012500 0.974375 0.022500 0.048750
1 0.258125 0.499375 0.088750 0.058750
1 0.505625 0.845625 0.041250 0.061250
1 0.426250 0.621250 0.050000 0.057500
1 0.297500 0.581250 0.045000 0.070000
1 0.393125 0.821875 0.053750 0.036250
