0 0.705000 0.588750 0.110000 0.107500
0 0.676250 0.755625 0.067500 0.063750
0 0.411250 0.556250 0.127500 0.137500
0 0.380000 0.430625 0.060000 0.048750
0 0.328750 0.176250 0.102500 0.087500
1 0.726875 0.486250 0.081250 0.070000
1 0.419375 0.895000 0.126250 0.057500
1 0.678750 0.932500 0.072500 0.072500
1 0.618125 0.825625 0.081250 0.073750
1 0.484375 0.306250 0.073750 0.095000
1 0.017500 0.650625 0.032500 0.063750
1 0.644375 0.174375 0.073750 0.071250
1 0.708750 0.121875 0.070000 0.056250
1 0.622500 0.610625 0.060000 0.048750
1 0.505625 0.102500 0.056250 0.062500
1 0.385625 0.867500 0.116250 0.047500
1 0.589375 0.968125 0.066250 0.063750
1 0.521875 0.229375 0.063750 0.061250
1 0.535000 0.309375 0.062500 0.073750
1 0.582500 0.231875 0.047500 0.051250
1 0.626250 0.886875 0.067500 0.053750
1 0.087500 0.555625 0.037500 0.048750
1 0.590625 0.281250 0.051250 0.062500
1 0.011250 0.917500 0.020000 0.072500
