0 0.029375 0.353750 0.056250 0.075000
0 0.586875 0.533125 0.078750 0.078750
0 0.400625 0.621250 0.046250 0.047500
0 0.185000 0.347500 0.055000 0.050000
1 0.018125 0.867500 0.033750 0.052500
1 0.268750 0.930625 0.047500 0.043750
1 0.886875 0.496875 0.033750 0.056250
1 0.908750 0.165625 0.062500 0.076250
1 0.905000 0.545000 0.037500 0.072500
1 0.171875 0.206875 0.061250 0.043750
1 0.098750 0.780000 0.045000 0.065000
1 0.190625 0.610000 0.081250 0.042500
1 0.838750 0.608125 0.060000 0.033750
1 0.658125 0.846250 0.046250 0.082500
1 0.223750 0.490000 0.045000 0.062500
1 0.038750 0.658125 0.057500 0.038750
1 0.011250 0.497500 0.020000 0.067500
1 0.833125 0.495000 0.036250 0.047500
1 0.048125 0.510000 0.046250 0.065000
1 0.687500 0.595625 0.040000 0.036250
1 0.084375 0.105000 0.051250 0.077500
1 0.715625 0.320625 0.038750 0.041250
1 0.356875 0.913125 0.098750 0.036250
1 0.270000 0.327500 0.042500 0.055000
1 0.728125 0.146875 0.041250 0.063750
1 0.271875 0.243750 0.043750 0.060000
1 0.456250 0.203750 0.035000 0.045000
1 0.924375 0.388125 0.038750 0.043750
1 0.116875 0.532500 0.036250 0.050000
1 0.096250 0.590625 0.032500 0.043750
1 0.489375 0.731875 0.041250 0.031250
1 0.758125 0.180625 0.051250 0.048750
1 0.521875 0.150625 0.038750 0.068750
1 0.037500 0.711250 0.045000 0.037500
1 0.601875 0.665000 0.071250 0.037500
1 0.701250 0.408750 0.047500 0.035000
1 0.355000 0.528125 0.050000 0.036250
1 0.586250 0.736875 0.060000 0.041250
1 0.505000 0.676875 0.050000 0.038750
1 0.589375 0.618750 0.058750 0.040000
1 0.171875 0.515625 0.036250 0.036250
1 0.078750 0.378750 0.037500 0.030000
1 0.590000 0.783125 0.042500 0.041250
1 0.326250 0.652500 0.037500 0.027500
1 0.856875 0.794375 0.041250 0.041250
1 0.430000 0.180625 0.035000 0.038750
1 0.650625 0.257500 0.048750 0.070000
1 0.940000 0.880625 0.065000 0.058750
1 0.581250 0.105000 0.027500 0.142500
1 0.317500 0.270000 0.032500 0.037500
