0 0.238750 0.728750 0.080000 0.087500
0 0.066875 0.836875 0.131250 0.103750
0 0.874375 0.134375 0.073750 0.051250
0 0.957500 0.205000 0.085000 0.082500
1 0.681250 0.586875 0.085000 0.076250
1 0.961875 0.898750 0.076250 0.085000
1 0.901250 0.782500 0.072500 0.060000
1 0.666250 0.686250 0.090000 0.140000
1 0.663750 0.838125 0.075000 0.073750
1 0.303125 0.482500 0.053750 0.035000
1 0.305625 0.450625 0.048750 0.033750
1 0.845000 0.387500 0.045000 0.080000
1 0.776250 0.966250 0.070000 0.057500
1 0.595000 0.638750 0.082500 0.085000
1 0.534375 0.645000 0.096250 0.085000
1 0.693750 0.943750 0.070000 0.085000
1 0.629375 0.403750 0.088750 0.090000
1 0.644375 0.960000 0.058750 0.060000
