0 0.880000 0.365000 0.075000 0.075000
0 0.063125 0.939375 0.123750 0.121250
0 0.927500 0.928125 0.145000 0.143750
0 0.060625 0.263750 0.118750 0.072500
1 0.488125 0.065625 0.068750 0.041250
1 0.286875 0.441250 0.078750 0.060000
1 0.670000 0.526250 0.077500 0.050000
1 0.676250 0.022500 0.067500 0.042500
1 0.403125 0.548125 0.043750 0.048750
1 0.738750 0.575000 0.042500 0.082500
1 0.329375 0.039375 0.051250 0.046250
1 0.305625 0.495625 0.043750 0.058750
1 0.610625 0.605000 0.038750 0.042500
1 0.853750 0.627500 0.040000 0.055000
1 0.294375 0.130625 0.036250 0.051250
1 0.450625 0.655000 0.046250 0.047500
1 0.498750 0.595625 0.037500 0.043750
1 0.056875 0.013750 0.041250 0.025000
1 0.514375 0.541250 0.031250 0.045000
1 0.899375 0.621250 0.036250 0.045000
1 0.921250 0.012500 0.047500 0.022500
1 0.861250 0.068750 0.035000 0.037500
1 0.131875 0.506875 0.041250 0.036250
1 0.878750 0.366250 0.070000 0.065000
1 0.988125 0.686250 0.023750 0.042500
0 0.179375 0.790000 0.043750 0.037500
