0 0.605625 0.757500 0.118750 0.120000
0 0.448750 0.653125 0.082500 0.083750
0 0.336875 0.265625 0.046250 0.051250
1 0.260625 0.902500 0.076250 0.105000
1 0.060000 0.171875 0.087500 0.086250
1 0.122500 0.719375 0.085000 0.126250
1 0.065000 0.057500 0.127500 0.107500
1 0.033750 0.716875 0.065000 0.171250
1 0.034375 0.421250 0.066250 0.090000
1 0.642500 0.315625 0.142500 0.091250
1 0.912500 0.121250 0.122500 0.132500
1 0.180625 0.629375 0.121250 0.168750
1 0.939375 0.494375 0.111250 0.108750
1 0.796250 0.441250 0.117500 0.180000
