0 0.117500 0.038750 0.105000 0.075000
0 0.097500 0.140625 0.052500 0.036250
0 0.094375 0.498750 0.078750 0.085000
1 0.941250 0.503125 0.052500 0.063750
1 0.769375 0.718125 0.068750 0.046250
1 0.851875 0.556875 0.041250 0.053750
1 0.850625 0.321875 0.078750 0.078750
1 0.744375 0.951875 0.076250 0.056250
1 0.959375 0.731875 0.036250 0.043750
1 0.586250 0.843750 0.070000 0.050000
1 0.765000 0.376250 0.090000 0.075000
1 0.707500 0.423750 0.100000 0.082500
1 0.848125 0.063125 0.071250 0.043750
1 0.855625 0.140625 0.068750 0.028750
1 0.653125 0.896250 0.086250 0.042500
1 0.951875 0.791250 0.076250 0.055000
