0 0.637500 0.015000 0.042500 0.027500
0 0.613750 0.063750 0.042500 0.022500
0 0.681875 0.546875 0.028750 0.036250
1 0.568750 0.949375 0.057500 0.098750
1 0.417500 0.260000 0.075000 0.047500
1 0.926250 0.571250 0.065000 0.065000
1 0.695000 0.634375 0.075000 0.053750
1 0.777500 0.327500 0.067500 0.070000
1 0.142500 0.135000 0.075000 0.055000
1 0.412500 0.521250 0.037500 0.062500
1 0.604375 0.313750 0.076250 0.062500
1 0.405625 0.059375 0.126250 0.086250
1 0.723750 0.518125 0.112500 0.051250
1 0.926250 0.696875 0.062500 0.091250
1 0.789375 0.081250 0.043750 0.072500
1 0.971250 0.610625 0.042500 0.056250
1 0.437500 0.935625 0.125000 0.096250
1 0.850000 0.652500 0.065000 0.105000
1 0.751875 0.152500 0.083750 0.067500
1 0.417500 0.356250 0.115000 0.060000
1 0.633750 0.137500 0.065000 0.067500
1 0.302500 0.645625 0.055000 0.066250
1 0.690625 0.943750 0.133750 0.072500
1 0.615000 0.373750 0.060000 0.050000
1 0.393125 0.683750 0.078750 0.060000
1 0.817500 0.220000 0.050000 0.090000
1 0.212500 0.265625 0.042500 0.063750
1 0.101250 0.043125 0.070000 0.083750
1 0.140625 0.475000 0.071250 0.040000
1 0.971250 0.915625 0.057500 0.043750
1 0.182500 0.668125 0.045000 0.061250
1 0.080000 0.203125 0.042500 0.056250
1 0.948750 0.021875 0.040000 0.041250
1 0.634375 0.655000 0.048750 0.132500
1 0.148125 0.948750 0.043750 0.100000
1 0.048750 0.506875 0.095000 0.068750
1 0.898125 0.092500 0.058750 0.090000
1 0.356250 0.930625 0.082500 0.101250
1 0.834375 0.973125 0.091250 0.051250
1 0.026250 0.089375 0.050000 0.053750
1 0.171875 0.610625 0.036250 0.058750
1 0.172500 0.758750 0.047500 0.055000
1 0.651875 0.174375 0.043750 0.081250
1 0.546875 0.738750 0.058750 0.052500
1 0.773750 0.464375 0.045000 0.048750
1 0.173750 0.302500 0.045000 0.040000
1 0.438125 0.791875 0.061250 0.088750
1 0.473750 0.830000 0.067500 0.050000
1 0.591250 0.251875 0.035000 0.056250
1 0.590625 0.585000 0.041250 0.087500
1 0.087500 0.435000 0.072500 0.030000
1 0.645625 0.865000 0.051250 0.047500
1 0.484375 0.310000 0.091250 0.040000
1 0.493750 0.780625 0.052500 0.053750
1 0.175000 0.218750 0.052500 0.042500
1 0.550625 0.485625 0.036250 0.066250
1 0.981250 0.853750 0.037500 0.045000
1 0.206250 0.488125 0.055000 0.073750
1 0.119375 0.927500 0.046250 0.117500
1 0.648750 0.325625 0.055000 0.036250
1 0.541875 0.066875 0.048750 0.066250
1 0.160000 0.253125 0.070000 0.036250
1 0.836875 0.928125 0.036250 0.056250
1 0.863125 0.497500 0.041250 0.067500
1 0.892500 0.013750 0.057500 0.025000
1 0.969375 0.228750 0.058750 0.037500
1 0.373125 0.120000 0.123750 0.075000
1 0.612500 0.061250 0.045000 0.027500
1 0.866875 0.836250 0.056250 0.050000
1 0.836250 0.376875 0.060000 0.031250
1 0.220000 0.906250 0.042500 0.055000
1 0.548125 0.367500 0.036250 0.062500
1 0.849375 0.015000 0.046250 0.027500
1 0.066250 0.481875 0.075000 0.046250
1 0.588750 0.029375 0.032500 0.056250
1 0.206250 0.543125 0.042500 0.043750
1 0.473750 0.036250 0.050000 0.070000
1 0.892500 0.756250 0.045000 0.080000
1 0.166875 0.415000 0.036250 0.047500
1 0.538125 0.681250 0.041250 0.050000
1 0.036875 0.297500 0.071250 0.032500
1 0.546875 0.021875 0.043750 0.041250
1 0.803750 0.928750 0.037500 0.075000
1 0.606875 0.771250 0.046250 0.047500
1 0.877500 0.537500 0.037500 0.082500
1 0.913750 0.175000 0.047500 0.037500
1 0.510625 0.106250 0.038750 0.042500
1 0.505625 0.670000 0.058750 0.082500
1 0.825000 0.093750 0.037500 0.042500
1 0.980625 0.130625 0.038750 0.056250
1 0.257500 0.662500 0.037500 0.042500
1 0.733750 0.215625 0.045000 0.051250
1 0.582500 0.675625 0.050000 0.043750
1 0.143750 0.795000 0.057500 0.032500
1 0.865000 0.241875 0.040000 0.086250
1 0.465000 0.955000 0.082500 0.090000
1 0.253750 0.150000 0.027500 0.055000
1 0.117500 0.293750 0.080000 0.055000
1 0.975000 0.526250 0.047500 0.030000
1 0.832500 0.588125 0.037500 0.066250
1 0.977500 0.964375 0.042500 0.063750
1 0.566250 0.629375 0.037500 0.033750
1 0.526250 0.928125 0.037500 0.076250
1 0.520625 0.226875 0.041250 0.046250
1 0.825000 0.848750 0.032500 0.040000
1 0.048750 0.136875 0.082500 0.031250
1 0.098750 0.859375 0.057500 0.053750
1 0.861250 0.744375 0.030000 0.068750
1 0.061250 0.238750 0.082500 0.047500
1 0.924375 0.339375 0.043750 0.043750
1 0.482500 0.648125 0.040000 0.091250
1 0.505000 0.150625 0.070000 0.061250
1 0.246250 0.301875 0.050000 0.063750
1 0.884375 0.215000 0.036250 0.032500
1 0.038750 0.054375 0.075000 0.028750
1 0.043750 0.361875 0.085000 0.106250
1 0.068750 0.871875 0.095000 0.061250
1 0.558125 0.559375 0.033750 0.036250
1 0.093125 0.640000 0.116250 0.052500
1 0.946250 0.646250 0.057500 0.065000
1 0.984375 0.459375 0.028750 0.036250
1 0.974375 0.061250 0.048750 0.050000
1 0.370000 0.093125 0.115000 0.046250
1 0.279375 0.561250 0.048750 0.037500
1 0.375000 0.155625 0.072500 0.041250
1 0.698125 0.726875 0.083750 0.041250
1 0.045000 0.651250 0.065000 0.045000
1 0.091875 0.953125 0.036250 0.083750
1 0.118125 0.663750 0.066250 0.040000
1 0.497500 0.136875 0.055000 0.038750
1 0.080000 0.724375 0.080000 0.083750
