0 0.476250 0.308125 0.042500 0.036250
0 0.958750 0.361250 0.082500 0.105000
0 0.470000 0.108125 0.065000 0.061250
0 0.469375 0.164375 0.041250 0.028750
1 0.070625 0.271875 0.138750 0.098750
1 0.711875 0.148750 0.108750 0.147500
1 0.546875 0.458750 0.111250 0.147500
1 0.048750 0.861875 0.095000 0.071250
1 0.941875 0.552500 0.071250 0.092500
1 0.671875 0.660000 0.096250 0.067500
1 0.208750 0.203125 0.070000 0.078750
1 0.047500 0.753125 0.092500 0.056250
1 0.951875 0.956250 0.058750 0.070000
1 0.431875 0.043750 0.076250 0.065000
1 0.238750 0.445000 0.065000 0.112500
1 0.792500 0.597500 0.062500 0.087500
1 0.359375 0.658125 0.116250 0.103750
1 0.351250 0.507500 0.102500 0.085000
1 0.961875 0.711875 0.073750 0.093750
1 0.228750 0.851875 0.065000 0.061250
1 0.267500 0.108750 0.062500 0.115000
1 0.158125 0.823125 0.061250 0.086250
1 0.398750 0.308750 0.057500 0.080000
1 0.855000 0.736875 0.065000 0.076250
1 0.765000 0.371250 0.070000 0.135000
1 0.835625 0.451250 0.071250 0.065000
1 0.897500 0.805000 0.065000 0.075000
1 0.890000 0.670625 0.065000 0.068750
1 0.635625 0.783125 0.066250 0.061250
1 0.636875 0.223125 0.081250 0.166250
1 0.148750 0.051250 0.060000 0.100000
1 0.653750 0.533750 0.042500 0.057500
1 0.476875 0.858750 0.078750 0.070000
1 0.535625 0.194375 0.068750 0.083750
1 0.779375 0.294375 0.081250 0.108750
1 0.431250 0.978750 0.070000 0.042500
1 0.918750 0.421250 0.065000 0.062500
1 0.222500 0.677500 0.055000 0.060000
1 0.188125 0.359375 0.066250 0.078750
1 0.863125 0.585625 0.053750 0.078750
1 0.801250 0.872500 0.052500 0.060000
1 0.108750 0.519375 0.072500 0.061250
1 0.136250 0.975625 0.047500 0.048750
1 0.958125 0.798125 0.081250 0.066250
1 0.477500 0.305000 0.055000 0.050000
1 0.138125 0.598125 0.071250 0.061250
1 0.220000 0.589375 0.117500 0.073750
1 0.757500 0.871250 0.042500 0.055000
1 0.163125 0.406875 0.078750 0.113750
1 0.347500 0.720000 0.045000 0.070000
1 0.975625 0.023750 0.048750 0.045000
1 0.310625 0.566250 0.068750 0.070000
1 0.228750 0.975625 0.110000 0.046250
1 0.618125 0.468750 0.068750 0.145000
1 0.130625 0.676250 0.081250 0.137500
1 0.776875 0.189375 0.061250 0.101250
1 0.293125 0.721250 0.053750 0.102500
1 0.227500 0.022500 0.057500 0.042500
1 0.557500 0.971875 0.077500 0.056250
1 0.326875 0.096875 0.048750 0.058750
1 0.183125 0.045000 0.046250 0.087500
1 0.045625 0.311250 0.066250 0.072500
1 0.665000 0.321875 0.077500 0.158750
1 0.980000 0.189375 0.037500 0.078750
1 0.521875 0.418750 0.061250 0.067500
1 0.677500 0.983125 0.070000 0.033750
1 0.500000 0.818750 0.070000 0.102500
1 0.631250 0.820625 0.065000 0.053750
1 0.168750 0.531875 0.062500 0.063750
1 0.883750 0.155000 0.047500 0.062500
1 0.013125 0.158750 0.023750 0.065000
1 0.595625 0.108125 0.066250 0.098750
1 0.286250 0.030625 0.057500 0.058750
1 0.150625 0.450000 0.088750 0.075000
1 0.887500 0.366250 0.075000 0.085000
1 0.011250 0.320000 0.020000 0.077500
1 0.134375 0.743750 0.066250 0.082500
