0 0.219375 0.345625 0.093750 0.086250
0 0.684375 0.364375 0.101250 0.096250
0 0.641250 0.781875 0.060000 0.066250
0 0.183750 0.205625 0.242500 0.286250
1 0.795000 0.796875 0.050000 0.073750
1 0.830625 0.335625 0.041250 0.096250
1 0.655625 0.978750 0.108750 0.040000
1 0.564375 0.417500 0.041250 0.052500
1 0.347500 0.371250 0.042500 0.045000
1 0.030625 0.385000 0.061250 0.060000
1 0.126875 0.458750 0.051250 0.047500
1 0.736875 0.365000 0.033750 0.035000
1 0.946875 0.547500 0.061250 0.047500
1 0.138125 0.423125 0.048750 0.033750
1 0.439375 0.458125 0.041250 0.033750
1 0.379375 0.477500 0.046250 0.037500
1 0.988125 0.385625 0.021250 0.068750
1 0.612500 0.468125 0.037500 0.038750
1 0.666250 0.411250 0.035000 0.037500
1 0.080625 0.990625 0.081250 0.016250
