0 0.503125 0.216250 0.043750 0.057500
0 0.300000 0.140625 0.062500 0.058750
0 0.101250 0.205625 0.057500 0.058750
1 0.605625 0.890000 0.091250 0.110000
1 0.540625 0.839375 0.106250 0.108750
1 0.545000 0.713125 0.117500 0.128750
1 0.622500 0.360625 0.082500 0.106250
1 0.165625 0.660000 0.111250 0.072500
1 0.098125 0.204375 0.063750 0.063750
1 0.658750 0.578750 0.072500 0.090000
1 0.816250 0.632500 0.082500 0.080000
1 0.181250 0.832500 0.080000 0.080000
1 0.642500 0.680000 0.072500 0.070000
1 0.941875 0.220625 0.083750 0.076250
1 0.188125 0.504375 0.053750 0.043750
