0 0.334375 0.458125 0.078750 0.051250
0 0.731875 0.536875 0.093750 0.093750
0 0.208125 0.491250 0.088750 0.075000
1 0.964375 0.104375 0.068750 0.066250
1 0.441250 0.124375 0.065000 0.043750
1 0.249375 0.113125 0.048750 0.061250
1 0.031250 0.399375 0.050000 0.058750
1 0.873750 0.364375 0.055000 0.041250
1 0.688750 0.856250 0.037500 0.090000
1 0.111250 0.951875 0.045000 0.058750
1 0.595625 0.750000 0.038750 0.035000
1 0.607500 0.269375 0.050000 0.043750
1 0.061875 0.715625 0.058750 0.046250
1 0.185000 0.895625 0.072500 0.043750
1 0.388750 0.876875 0.042500 0.058750
1 0.149375 0.284375 0.046250 0.048750
1 0.037500 0.849375 0.072500 0.051250
1 0.720000 0.811250 0.035000 0.042500
1 0.260625 0.242500 0.041250 0.055000
1 0.857500 0.152500 0.047500 0.045000
1 0.053125 0.126875 0.043750 0.046250
1 0.555625 0.798750 0.036250 0.035000
1 0.499375 0.278125 0.053750 0.046250
1 0.188125 0.183125 0.051250 0.061250
1 0.801250 0.876875 0.042500 0.048750
1 0.856250 0.216250 0.042500 0.045000
1 0.477500 0.178750 0.057500 0.045000
1 0.392500 0.266250 0.052500 0.062500
1 0.971250 0.865625 0.042500 0.038750
1 0.223125 0.420625 0.048750 0.046250
1 0.376875 0.739375 0.041250 0.048750
1 0.096250 0.881875 0.042500 0.038750
1 0.328750 0.258125 0.037500 0.043750
1 0.921875 0.716250 0.048750 0.050000
1 0.459375 0.685625 0.031250 0.036250
1 0.608750 0.785000 0.035000 0.037500
1 0.435625 0.218750 0.041250 0.037500
1 0.518750 0.791875 0.035000 0.038750
1 0.976250 0.898750 0.035000 0.035000
1 0.746250 0.171250 0.035000 0.035000
0 0.358125 0.027500 0.063750 0.052500
