0 0.902500 0.433125 0.085000 0.061250
0 0.252500 0.423750 0.042500 0.045000
0 0.431875 0.398750 0.033750 0.025000
1 0.676250 0.030625 0.035000 0.058750
1 0.781250 0.086250 0.045000 0.045000
1 0.246250 0.788125 0.085000 0.051250
1 0.186250 0.172500 0.055000 0.037500
1 0.567500 0.846875 0.047500 0.083750
1 0.861875 0.173750 0.043750 0.045000
1 0.890000 0.791250 0.037500 0.037500
1 0.208750 0.912500 0.045000 0.077500
1 0.687500 0.785000 0.042500 0.040000
1 0.077500 0.606875 0.060000 0.038750
1 0.411875 0.046875 0.056250 0.063750
1 0.915625 0.734375 0.038750 0.038750
1 0.700625 0.665000 0.043750 0.052500
1 0.293750 0.723750 0.062500 0.040000
1 0.457500 0.791250 0.052500 0.052500
1 0.772500 0.777500 0.047500 0.040000
1 0.321250 0.621875 0.042500 0.043750
1 0.127500 0.803125 0.057500 0.061250
1 0.923750 0.926875 0.040000 0.051250
1 0.651875 0.652500 0.041250 0.045000
1 0.550000 0.115000 0.032500 0.040000
1 0.228750 0.708125 0.065000 0.051250
1 0.298125 0.661250 0.046250 0.035000
1 0.314375 0.850625 0.056250 0.063750
1 0.814375 0.030000 0.046250 0.045000
1 0.025000 0.730625 0.047500 0.041250
1 0.214375 0.662500 0.058750 0.035000
1 0.941875 0.775000 0.046250 0.035000
1 0.518125 0.092500 0.051250 0.040000
1 0.023750 0.140000 0.045000 0.045000
1 0.763750 0.910625 0.032500 0.038750
1 0.220625 0.035625 0.046250 0.036250
1 0.336250 0.029375 0.057500 0.043750
1 0.068125 0.673750 0.073750 0.047500
1 0.715000 0.936875 0.035000 0.043750
1 0.633125 0.698750 0.051250 0.042500
1 0.864375 0.881875 0.038750 0.066250
1 0.628125 0.830625 0.041250 0.038750
1 0.401875 0.855625 0.076250 0.063750
1 0.395625 0.783125 0.036250 0.038750
1 0.035000 0.016875 0.057500 0.031250
1 0.124375 0.099375 0.048750 0.036250
1 0.481250 0.188750 0.045000 0.037500
1 0.560625 0.031250 0.043750 0.035000
1 0.832500 0.900000 0.037500 0.040000
1 0.111875 0.071875 0.051250 0.033750
1 0.291250 0.125625 0.055000 0.038750
1 0.703125 0.880000 0.051250 0.045000
