0 0.353125 0.190625 0.056250 0.053750
0 0.425625 0.648750 0.078750 0.077500
0 0.365625 0.782500 0.053750 0.055000
1 0.396250 0.572500 0.125000 0.060000
1 0.730625 0.690000 0.218750 0.130000
1 0.519375 0.834375 0.218750 0.083750
1 0.841250 0.671250 0.097500 0.130000
1 0.669375 0.016250 0.053750 0.030000
1 0.196875 0.278750 0.083750 0.170000
1 0.633750 0.743125 0.107500 0.111250
1 0.968750 0.320625 0.057500 0.183750
1 0.090625 0.945000 0.091250 0.110000
1 0.615625 0.126875 0.103750 0.146250
1 0.658750 0.362500 0.200000 0.347500
1 0.896875 0.743125 0.068750 0.146250
1 0.683750 0.751250 0.105000 0.087500
1 0.791875 0.305000 0.098750 0.077500
1 0.556250 0.872500 0.140000 0.095000
1 0.823125 0.387500 0.083750 0.310000
1 0.744375 0.366250 0.216250 0.377500
1 0.968125 0.578125 0.063750 0.063750
