0 0.958125 0.835625 0.058750 0.061250
0 0.431875 0.725000 0.066250 0.062500
0 0.491875 0.811250 0.063750 0.062500
1 0.546250 0.778750 0.062500 0.067500
1 0.773125 0.065000 0.113750 0.127500
1 0.850625 0.476875 0.091250 0.178750
1 0.025000 0.392500 0.047500 0.087500
1 0.917500 0.590000 0.165000 0.085000
1 0.773750 0.368750 0.102500 0.117500
1 0.056250 0.080625 0.107500 0.123750
1 0.238750 0.964375 0.140000 0.068750
1 0.083750 0.893750 0.165000 0.075000
1 0.356875 0.669375 0.063750 0.063750
1 0.065625 0.645625 0.056250 0.061250
1 0.300000 0.945000 0.102500 0.087500
1 0.829375 0.405625 0.141250 0.071250
1 0.581250 0.268125 0.077500 0.068750
1 0.167500 0.061875 0.085000 0.116250
1 0.541250 0.119375 0.092500 0.186250
1 0.595625 0.707500 0.063750 0.082500
1 0.948125 0.923125 0.103750 0.111250
1 0.553125 0.033750 0.076250 0.065000
1 0.914375 0.053750 0.116250 0.070000
1 0.249375 0.091875 0.128750 0.173750
1 0.865000 0.153125 0.100000 0.111250
1 0.600625 0.148125 0.076250 0.146250
1 0.677500 0.504375 0.095000 0.091250
1 0.332500 0.920000 0.095000 0.122500
1 0.423125 0.280000 0.061250 0.132500
1 0.385625 0.012500 0.083750 0.022500
1 0.096875 0.556250 0.096250 0.225000
1 0.486875 0.256250 0.056250 0.050000
1 0.476875 0.077500 0.091250 0.110000
1 0.806250 0.825000 0.082500 0.077500
