0 0.181875 0.077500 0.036250 0.045000
0 0.773750 0.588125 0.065000 0.061250
0 0.310625 0.606250 0.086250 0.087500
1 0.543750 0.551875 0.062500 0.093750
1 0.246250 0.748125 0.095000 0.096250
1 0.496250 0.690625 0.050000 0.041250
1 0.092500 0.375625 0.120000 0.063750
1 0.702500 0.963750 0.075000 0.040000
1 0.421250 0.295625 0.102500 0.086250
1 0.726875 0.451875 0.088750 0.076250
1 0.115625 0.439375 0.123750 0.091250
1 0.356250 0.899375 0.115000 0.058750
1 0.191250 0.633125 0.090000 0.053750
1 0.355625 0.038750 0.086250 0.075000
1 0.985625 0.796875 0.028750 0.041250
1 0.480000 0.816250 0.067500 0.072500
1 0.416875 0.345000 0.071250 0.077500
1 0.089375 0.611250 0.063750 0.060000
1 0.283750 0.315000 0.107500 0.062500
1 0.275625 0.912500 0.151250 0.107500
1 0.518750 0.903750 0.057500 0.050000
1 0.676875 0.621250 0.056250 0.102500
1 0.736875 0.071875 0.088750 0.141250
1 0.740000 0.391875 0.080000 0.083750
1 0.393750 0.138125 0.060000 0.068750
1 0.040625 0.586875 0.043750 0.051250
