0 0.200000 0.102500 0.245000 0.202500
0 0.728750 0.607500 0.055000 0.072500
0 0.725000 0.090000 0.087500 0.072500
0 0.848750 0.701875 0.062500 0.061250
0 0.208750 0.948125 0.152500 0.096250
0 0.530000 0.532500 0.110000 0.092500
0 0.932500 0.120625 0.135000 0.103750
0 0.685625 0.153750 0.176250 0.075000
1 0.975625 0.243750 0.046250 0.062500
1 0.765000 0.259375 0.062500 0.043750
1 0.823125 0.943125 0.053750 0.051250
1 0.018750 0.971250 0.035000 0.057500
1 0.055625 0.927500 0.051250 0.070000
1 0.319375 0.823125 0.041250 0.048750
1 0.672500 0.955000 0.060000 0.055000
1 0.389375 0.818125 0.038750 0.043750
1 0.500000 0.205000 0.040000 0.045000
1 0.667500 0.368125 0.042500 0.056250
1 0.021875 0.345000 0.041250 0.045000
1 0.273750 0.401250 0.040000 0.042500
1 0.240000 0.244375 0.057500 0.041250
1 0.966250 0.471250 0.040000 0.045000
1 0.533125 0.361250 0.046250 0.047500
1 0.176875 0.818750 0.046250 0.035000
1 0.755625 0.835000 0.041250 0.037500
1 0.919375 0.954375 0.038750 0.048750
1 0.361875 0.400625 0.041250 0.041250
1 0.156250 0.251250 0.042500 0.037500
1 0.588750 0.263125 0.035000 0.038750
1 0.700000 0.905625 0.040000 0.038750
1 0.843750 0.375625 0.037500 0.036250
1 0.558750 0.986875 0.060000 0.023750
1 0.801875 0.309375 0.036250 0.033750
1 0.218750 0.310000 0.047500 0.040000
1 0.596250 0.981250 0.030000 0.030000
1 0.951250 0.947500 0.032500 0.037500
1 0.611875 0.242500 0.043750 0.037500
1 0.411250 0.286250 0.032500 0.032500
1 0.140000 0.308750 0.045000 0.032500
1 0.380000 0.346875 0.040000 0.043750
1 0.440625 0.983750 0.028750 0.030000
0 0.391875 0.081250 0.141250 0.130000
1 0.253125 0.290625 0.036250 0.036250
0 0.448750 0.029375 0.137500 0.056250
0 0.060000 0.450000 0.040000 0.055000
0 0.011250 0.607500 0.020000 0.080000
