0 0.120625 0.098750 0.048750 0.062500
0 0.028750 0.025000 0.055000 0.047500
0 0.127500 0.028750 0.085000 0.055000
1 0.925000 0.328125 0.150000 0.058750
1 0.972500 0.384375 0.052500 0.061250
1 0.699375 0.061250 0.101250 0.057500
1 0.979375 0.278750 0.041250 0.050000
1 0.816250 0.070625 0.100000 0.061250
1 0.913750 0.573750 0.072500 0.140000
1 0.610625 0.880625 0.053750 0.091250
1 0.861250 0.530625 0.115000 0.071250
1 0.896250 0.146875 0.125000 0.066250
1 0.716875 0.578750 0.063750 0.050000
1 0.840625 0.384375 0.128750 0.113750
