0 0.218750 0.293750 0.052500 0.042500
0 0.273125 0.800000 0.051250 0.025000
0 0.039375 0.374375 0.033750 0.031250
1 0.364375 0.646250 0.028750 0.027500
1 0.702500 0.624375 0.085000 0.043750
1 0.516875 0.848125 0.071250 0.091250
1 0.020625 0.945000 0.038750 0.110000
1 0.688750 0.195000 0.095000 0.097500
1 0.780625 0.314375 0.081250 0.068750
1 0.961250 0.202500 0.077500 0.085000
1 0.701875 0.051250 0.091250 0.050000
1 0.825000 0.251875 0.125000 0.058750
1 0.684375 0.398750 0.076250 0.075000
1 0.612500 0.248125 0.087500 0.093750
1 0.918125 0.641250 0.163750 0.087500
1 0.783125 0.103125 0.091250 0.063750
1 0.479375 0.079375 0.033750 0.026250
1 0.601875 0.775000 0.078750 0.117500
1 0.585000 0.320625 0.055000 0.071250
1 0.717500 0.107500 0.060000 0.100000
1 0.154375 0.724375 0.056250 0.091250
1 0.274375 0.667500 0.091250 0.075000
1 0.613750 0.608125 0.057500 0.058750
1 0.642500 0.426250 0.062500 0.055000
1 0.211250 0.841250 0.110000 0.057500
1 0.139375 0.959375 0.141250 0.081250
1 0.073125 0.207500 0.063750 0.110000
1 0.711875 0.800625 0.091250 0.091250
1 0.660000 0.086875 0.077500 0.086250
1 0.480000 0.026875 0.060000 0.051250
1 0.838750 0.714375 0.102500 0.078750
1 0.752500 0.527500 0.095000 0.037500
1 0.933125 0.736250 0.111250 0.135000
1 0.118750 0.397500 0.060000 0.167500
1 0.683125 0.522500 0.091250 0.085000
1 0.798125 0.187500 0.123750 0.062500
1 0.793125 0.653125 0.096250 0.086250
1 0.927500 0.095625 0.075000 0.051250
