0 0.112500 0.044375 0.125000 0.086250
0 0.187500 0.174375 0.165000 0.111250
0 0.116250 0.340000 0.132500 0.112500
1 0.943125 0.941875 0.108750 0.106250
1 0.092500 0.796875 0.182500 0.098750
1 0.589375 0.910000 0.171250 0.077500
1 0.823750 0.505625 0.172500 0.086250
1 0.227500 0.522500 0.180000 0.067500
1 0.085625 0.703750 0.168750 0.095000
1 0.846250 0.393750 0.145000 0.075000
1 0.978750 0.419375 0.042500 0.121250
1 0.792500 0.608125 0.082500 0.228750
1 0.513750 0.032500 0.070000 0.062500
1 0.895625 0.186875 0.088750 0.183750
1 0.246875 0.937500 0.106250 0.122500
1 0.268125 0.098125 0.118750 0.081250
1 0.396250 0.981250 0.127500 0.037500
1 0.476250 0.955625 0.037500 0.088750
1 0.941875 0.768750 0.051250 0.147500
1 0.900625 0.660000 0.046250 0.137500
1 0.698750 0.717500 0.130000 0.147500
1 0.720000 0.688750 0.067500 0.170000
