0 0.035625 0.242500 0.046250 0.077500
0 0.487500 0.315000 0.077500 0.067500
0 0.780000 0.430625 0.050000 0.043750
1 0.755625 0.133750 0.056250 0.042500
1 0.131875 0.544375 0.048750 0.051250
1 0.259375 0.645625 0.038750 0.051250
1 0.024375 0.560000 0.046250 0.052500
1 0.925000 0.616250 0.035000 0.050000
1 0.050000 0.475000 0.045000 0.027500
1 0.176250 0.892500 0.030000 0.050000
1 0.902500 0.019375 0.040000 0.036250
1 0.040625 0.895000 0.043750 0.042500
1 0.539375 0.659375 0.058750 0.041250
1 0.538125 0.099375 0.046250 0.038750
1 0.658125 0.586875 0.041250 0.041250
1 0.640000 0.156250 0.035000 0.035000
1 0.541250 0.047500 0.045000 0.032500
1 0.381875 0.986250 0.033750 0.027500
1 0.889375 0.558125 0.051250 0.036250
1 0.831250 0.544375 0.042500 0.031250
1 0.499375 0.606250 0.051250 0.037500
1 0.629375 0.540000 0.043750 0.047500
1 0.126250 0.353750 0.070000 0.067500
1 0.653125 0.719375 0.031250 0.053750
1 0.196875 0.600000 0.066250 0.040000
1 0.559375 0.532500 0.043750 0.040000
1 0.210625 0.078125 0.031250 0.036250
1 0.913750 0.332500 0.032500 0.042500
1 0.908750 0.133125 0.032500 0.026250
1 0.093750 0.616250 0.042500 0.032500
1 0.133125 0.363125 0.051250 0.043750
1 0.591875 0.014375 0.033750 0.026250
1 0.263125 0.037500 0.058750 0.040000
