0 0.658750 0.321250 0.095000 0.095000
0 0.688125 0.435625 0.036250 0.043750
0 0.489375 0.703125 0.108750 0.081250
0 0.972500 0.811250 0.055000 0.100000
1 0.463125 0.351250 0.081250 0.070000
1 0.375625 0.502500 0.076250 0.077500
1 0.391250 0.592500 0.102500 0.077500
1 0.795625 0.752500 0.066250 0.082500
1 0.620000 0.120625 0.052500 0.088750
1 0.318125 0.510000 0.058750 0.055000
1 0.788125 0.157500 0.061250 0.057500
1 0.163125 0.074375 0.081250 0.051250
1 0.051875 0.410625 0.081250 0.081250
1 0.150000 0.658750 0.117500 0.060000
1 0.284375 0.636250 0.056250 0.047500
1 0.738125 0.520625 0.048750 0.083750
1 0.898125 0.575625 0.053750 0.051250
1 0.100625 0.583125 0.051250 0.066250
1 0.755625 0.660625 0.056250 0.053750
1 0.508750 0.566250 0.050000 0.117500
1 0.961875 0.698125 0.041250 0.043750
1 0.045625 0.477500 0.066250 0.050000
1 0.670000 0.098750 0.055000 0.040000
1 0.042500 0.694375 0.082500 0.058750
1 0.326250 0.036875 0.060000 0.061250
1 0.063125 0.715625 0.053750 0.043750
1 0.781875 0.531250 0.048750 0.065000
1 0.014375 0.076875 0.026250 0.058750
1 0.300000 0.011875 0.107500 0.021250
1 0.718750 0.602500 0.062500 0.055000
1 0.285625 0.051250 0.058750 0.065000
0 0.574375 0.481250 0.091250 0.072500
0 0.418750 0.773750 0.072500 0.100000
0 0.495625 0.798125 0.058750 0.076250
0 0.174375 0.328125 0.041250 0.046250
