0 0.042500 0.542500 0.072500 0.075000
0 0.831250 0.701875 0.077500 0.078750
0 0.728125 0.837500 0.056250 0.057500
1 0.242500 0.406250 0.062500 0.097500
1 0.553125 0.388125 0.191250 0.091250
1 0.020000 0.659375 0.037500 0.031250
1 0.621875 0.068750 0.093750 0.115000
1 0.672500 0.550625 0.232500 0.123750
1 0.140000 0.965000 0.092500 0.070000
1 0.926875 0.082500 0.131250 0.110000
1 0.720625 0.088125 0.086250 0.073750
1 0.831875 0.060625 0.101250 0.058750
1 0.418125 0.341250 0.243750 0.062500
1 0.176250 0.513750 0.122500 0.067500
1 0.913750 0.101875 0.117500 0.141250
1 0.125000 0.732500 0.247500 0.070000
1 0.131875 0.295000 0.091250 0.135000
1 0.511875 0.050625 0.098750 0.098750
1 0.071875 0.835625 0.136250 0.098750
1 0.381875 0.023125 0.071250 0.043750
1 0.029375 0.407500 0.056250 0.087500
1 0.635000 0.165625 0.255000 0.126250
1 0.730625 0.332500 0.106250 0.157500
1 0.722500 0.426875 0.062500 0.063750
1 0.525000 0.603750 0.072500 0.082500
1 0.535625 0.154375 0.148750 0.066250
