0 0.670000 0.570625 0.047500 0.043750
0 0.727500 0.540625 0.032500 0.046250
0 0.758750 0.542500 0.050000 0.052500
1 0.211875 0.308750 0.106250 0.050000
1 0.113750 0.223125 0.110000 0.118750
1 0.374375 0.347500 0.121250 0.050000
1 0.756250 0.476250 0.087500 0.052500
1 0.735625 0.275000 0.046250 0.080000
1 0.090000 0.264375 0.085000 0.068750
1 0.118125 0.616250 0.078750 0.050000
1 0.437500 0.052500 0.082500 0.050000
1 0.197500 0.743750 0.080000 0.050000
1 0.436250 0.412500 0.052500 0.057500
1 0.377500 0.485000 0.077500 0.045000
1 0.485000 0.348125 0.040000 0.053750
