0 0.512500 0.908750 0.122500 0.117500
0 0.382500 0.940625 0.115000 0.053750
0 0.389375 0.891250 0.048750 0.042500
0 0.400625 0.804375 0.141250 0.138750
1 0.920625 0.769375 0.041250 0.066250
1 0.201250 0.115625 0.050000 0.033750
1 0.701875 0.713750 0.046250 0.047500
1 0.608750 0.407500 0.040000 0.060000
1 0.081250 0.722500 0.082500 0.065000
1 0.755000 0.535000 0.052500 0.075000
1 0.567500 0.203125 0.037500 0.056250
1 0.847500 0.123750 0.030000 0.045000
1 0.892500 0.728125 0.045000 0.043750
1 0.480625 0.695000 0.048750 0.037500
1 0.692500 0.560000 0.032500 0.042500
1 0.283750 0.813125 0.060000 0.031250
1 0.183125 0.380625 0.098750 0.076250
1 0.074375 0.653750 0.038750 0.057500
1 0.086875 0.307500 0.086250 0.057500
1 0.300000 0.241250 0.062500 0.045000
1 0.393750 0.168750 0.047500 0.037500
1 0.097500 0.046250 0.070000 0.057500
1 0.188125 0.483750 0.091250 0.030000
1 0.457500 0.828125 0.045000 0.096250
1 0.320000 0.375000 0.047500 0.037500
1 0.332500 0.403125 0.047500 0.033750
