0 0.171250 0.138750 0.065000 0.050000
0 0.260625 0.321250 0.066250 0.050000
0 0.473750 0.426250 0.045000 0.045000
0 0.300000 0.433125 0.137500 0.158750
1 0.920000 0.581250 0.060000 0.070000
1 0.903750 0.163750 0.070000 0.087500
1 0.961250 0.221250 0.075000 0.105000
1 0.945625 0.416250 0.093750 0.055000
1 0.972500 0.613125 0.052500 0.113750
1 0.753125 0.269375 0.081250 0.053750
1 0.908750 0.818750 0.050000 0.042500
1 0.968125 0.015625 0.058750 0.028750
1 0.984375 0.091250 0.031250 0.095000
1 0.966875 0.744375 0.056250 0.051250
1 0.856250 0.309375 0.045000 0.058750
