0 0.513125 0.041875 0.096250 0.081250
0 0.871250 0.081875 0.080000 0.073750
0 0.966250 0.053125 0.067500 0.073750
1 0.207500 0.565000 0.100000 0.130000
1 0.845000 0.892500 0.080000 0.140000
1 0.936875 0.406250 0.111250 0.232500
1 0.221250 0.840625 0.067500 0.206250
1 0.500625 0.739375 0.258750 0.061250
1 0.303750 0.932500 0.125000 0.087500
1 0.305000 0.561875 0.072500 0.086250
1 0.217500 0.060625 0.137500 0.088750
1 0.511875 0.037500 0.088750 0.072500
1 0.895625 0.590000 0.168750 0.095000
1 0.631875 0.345000 0.096250 0.057500
1 0.736250 0.336250 0.060000 0.225000
1 0.665625 0.947500 0.193750 0.050000
1 0.348750 0.292500 0.105000 0.127500
1 0.728125 0.838125 0.053750 0.088750
1 0.389375 0.470625 0.076250 0.066250
1 0.117500 0.804375 0.065000 0.133750
1 0.123750 0.933750 0.117500 0.130000
1 0.083125 0.435000 0.153750 0.070000
1 0.240000 0.272500 0.112500 0.155000
1 0.269375 0.055625 0.156250 0.101250
1 0.445625 0.228125 0.101250 0.148750
1 0.624375 0.205000 0.196250 0.155000
1 0.831250 0.380625 0.105000 0.126250
1 0.634375 0.464375 0.176250 0.133750
1 0.542500 0.528125 0.202500 0.128750
1 0.445625 0.326875 0.063750 0.221250
1 0.115000 0.161250 0.180000 0.240000
1 0.893125 0.785625 0.138750 0.221250
