0 0.836875 0.366875 0.058750 0.061250
0 0.416250 0.375625 0.077500 0.078750
0 0.368750 0.346250 0.052500 0.052500
1 0.060000 0.480625 0.085000 0.076250
1 0.310625 0.030625 0.106250 0.058750
1 0.303125 0.720000 0.081250 0.090000
1 0.156875 0.956875 0.046250 0.086250
1 0.356250 0.479375 0.107500 0.058750
1 0.905625 0.978125 0.071250 0.043750
1 0.025000 0.403750 0.047500 0.085000
1 0.594375 0.151875 0.106250 0.181250
1 0.360625 0.847500 0.088750 0.090000
1 0.743750 0.701250 0.077500 0.082500
1 0.766875 0.676250 0.096250 0.040000
1 0.189375 0.552500 0.103750 0.107500
1 0.933750 0.512500 0.132500 0.080000
1 0.430000 0.088750 0.137500 0.067500
1 0.875000 0.211875 0.250000 0.093750
1 0.576875 0.930000 0.153750 0.085000
1 0.074375 0.978125 0.083750 0.043750
1 0.843750 0.964375 0.072500 0.071250
1 0.766875 0.038125 0.073750 0.068750
1 0.470625 0.022500 0.111250 0.042500
1 0.025625 0.038750 0.048750 0.072500
1 0.855000 0.022500 0.082500 0.042500
1 0.364375 0.655625 0.138750 0.088750
1 0.288125 0.118125 0.096250 0.063750
1 0.880000 0.561250 0.087500 0.052500
1 0.373750 0.574375 0.107500 0.106250
1 0.304375 0.940625 0.051250 0.118750
1 0.193750 0.735000 0.102500 0.065000
1 0.725625 0.108750 0.103750 0.057500
1 0.868750 0.920625 0.110000 0.056250
1 0.061875 0.918750 0.091250 0.065000
1 0.040000 0.761250 0.062500 0.090000
1 0.258125 0.638125 0.071250 0.088750
1 0.960000 0.881250 0.080000 0.100000
1 0.021250 0.798125 0.040000 0.063750
1 0.940000 0.750000 0.075000 0.107500
1 0.915000 0.620000 0.145000 0.057500
1 0.770625 0.636250 0.131250 0.060000
1 0.340000 0.108125 0.110000 0.086250
1 0.550625 0.988750 0.096250 0.022500
1 0.968125 0.560625 0.063750 0.061250
1 0.278125 0.520625 0.121250 0.121250
1 0.966250 0.761250 0.065000 0.107500
1 0.114375 0.650000 0.111250 0.070000
1 0.140625 0.732500 0.088750 0.090000
1 0.412500 0.923750 0.087500 0.087500
