0 0.304375 0.468125 0.058750 0.061250
0 0.565000 0.148125 0.040000 0.038750
0 0.594375 0.205625 0.063750 0.063750
1 0.537500 0.221250 0.130000 0.112500
1 0.156875 0.086250 0.133750 0.105000
1 0.233750 0.073125 0.085000 0.113750
1 0.867500 0.483750 0.170000 0.060000
1 0.466250 0.710625 0.127500 0.096250
1 0.380000 0.891250 0.120000 0.102500
1 0.253750 0.830000 0.077500 0.060000
1 0.630000 0.951875 0.062500 0.093750
1 0.555625 0.633125 0.101250 0.076250
1 0.640000 0.256875 0.052500 0.106250
1 0.490625 0.113750 0.063750 0.117500
1 0.475625 0.022500 0.093750 0.042500
1 0.535000 0.926250 0.102500 0.062500
1 0.074375 0.730000 0.056250 0.060000
1 0.174375 0.875625 0.123750 0.066250
1 0.661250 0.628750 0.057500 0.080000
1 0.597500 0.823125 0.060000 0.078750
1 0.019375 0.902500 0.036250 0.067500
1 0.344375 0.655625 0.116250 0.088750
1 0.685000 0.273125 0.057500 0.108750
1 0.118750 0.583125 0.070000 0.071250
1 0.359375 0.030625 0.068750 0.058750
1 0.635000 0.564375 0.065000 0.061250
1 0.888125 0.820625 0.056250 0.066250
1 0.873750 0.618750 0.070000 0.052500
1 0.511250 0.520000 0.075000 0.080000
1 0.969375 0.760000 0.061250 0.065000
1 0.019375 0.827500 0.036250 0.100000
1 0.718125 0.600000 0.043750 0.065000
1 0.837500 0.125625 0.080000 0.071250
1 0.454375 0.621875 0.043750 0.061250
1 0.057500 0.143125 0.080000 0.076250
1 0.705625 0.041250 0.096250 0.080000
1 0.657500 0.713750 0.060000 0.075000
1 0.556875 0.031875 0.083750 0.061250
1 0.227500 0.321875 0.100000 0.098750
1 0.640625 0.781875 0.066250 0.053750
1 0.736875 0.828750 0.063750 0.085000
1 0.099375 0.113125 0.063750 0.061250
1 0.383125 0.627500 0.068750 0.057500
1 0.590625 0.865625 0.063750 0.046250
1 0.194375 0.521875 0.043750 0.043750
1 0.783125 0.583125 0.056250 0.056250
1 0.820000 0.422500 0.060000 0.105000
1 0.256250 0.552500 0.062500 0.040000
1 0.398125 0.842500 0.061250 0.080000
1 0.933125 0.631250 0.033750 0.037500
1 0.515000 0.427500 0.055000 0.050000
