0 0.673125 0.654375 0.051250 0.061250
0 0.873125 0.477500 0.066250 0.067500
0 0.532500 0.565625 0.037500 0.043750
1 0.448750 0.638750 0.102500 0.147500
1 0.270000 0.564375 0.090000 0.083750
1 0.590000 0.065625 0.085000 0.113750
1 0.632500 0.610625 0.067500 0.076250
1 0.633125 0.514375 0.051250 0.073750
1 0.958125 0.491250 0.083750 0.075000
1 0.763750 0.570625 0.065000 0.071250
1 0.703750 0.383750 0.105000 0.067500
1 0.248750 0.151875 0.097500 0.061250
1 0.138750 0.080625 0.055000 0.061250
1 0.131875 0.151250 0.108750 0.050000
1 0.035000 0.575000 0.067500 0.065000
1 0.370625 0.591250 0.073750 0.065000
1 0.353750 0.150000 0.087500 0.055000
1 0.916250 0.193750 0.072500 0.050000
1 0.968125 0.389375 0.061250 0.053750
1 0.342500 0.674375 0.055000 0.101250
1 0.093125 0.210625 0.098750 0.053750
1 0.556250 0.965625 0.070000 0.068750
1 0.940000 0.143125 0.062500 0.051250
1 0.893125 0.100625 0.073750 0.098750
1 0.646875 0.859375 0.076250 0.051250
1 0.235625 0.295625 0.098750 0.066250
1 0.443125 0.056250 0.063750 0.055000
1 0.603125 0.427500 0.113750 0.052500
1 0.973125 0.818750 0.051250 0.055000
1 0.710625 0.753750 0.056250 0.077500
1 0.370625 0.948750 0.046250 0.057500
1 0.151250 0.264375 0.077500 0.056250
1 0.555625 0.376250 0.086250 0.050000
1 0.712500 0.969375 0.075000 0.056250
1 0.481875 0.160625 0.073750 0.108750
1 0.806250 0.144375 0.042500 0.081250
1 0.545000 0.658750 0.057500 0.052500
1 0.089375 0.862500 0.046250 0.047500
1 0.585000 0.803750 0.062500 0.070000
1 0.882500 0.313750 0.042500 0.040000
1 0.475000 0.843125 0.072500 0.051250
1 0.022500 0.525625 0.042500 0.053750
1 0.778750 0.965000 0.042500 0.052500
1 0.900625 0.877500 0.053750 0.042500
1 0.253125 0.433125 0.068750 0.051250
1 0.036875 0.988125 0.056250 0.021250
1 0.848125 0.100000 0.048750 0.045000
1 0.128125 0.686875 0.043750 0.061250
