0 0.960625 0.537500 0.038750 0.022500
0 0.902500 0.266875 0.127500 0.111250
0 0.033750 0.098750 0.065000 0.122500
1 0.728125 0.171250 0.063750 0.072500
1 0.613750 0.047500 0.100000 0.070000
1 0.615000 0.250625 0.067500 0.108750
1 0.347500 0.100625 0.102500 0.063750
1 0.676875 0.742500 0.073750 0.047500
1 0.148125 0.236250 0.053750 0.065000
1 0.503125 0.346250 0.073750 0.060000
1 0.436875 0.248750 0.038750 0.060000
1 0.458125 0.068750 0.048750 0.092500
1 0.520625 0.869375 0.083750 0.068750
1 0.339375 0.365625 0.056250 0.093750
1 0.720000 0.100000 0.067500 0.040000
1 0.475625 0.661250 0.068750 0.060000
1 0.337500 0.606250 0.045000 0.122500
1 0.543125 0.516250 0.056250 0.105000
1 0.753125 0.868750 0.111250 0.032500
1 0.700000 0.933750 0.092500 0.030000
1 0.255000 0.877500 0.062500 0.072500
1 0.492500 0.265000 0.057500 0.052500
1 0.075000 0.054375 0.067500 0.096250
1 0.662500 0.446875 0.090000 0.031250
1 0.750625 0.489375 0.091250 0.053750
1 0.881875 0.971250 0.118750 0.045000
