0 0.396875 0.075625 0.053750 0.066250
0 0.474375 0.490625 0.073750 0.073750
0 0.828750 0.408125 0.042500 0.081250
1 0.021875 0.329375 0.041250 0.053750
1 0.346875 0.459375 0.078750 0.098750
1 0.661250 0.027500 0.060000 0.052500
1 0.507500 0.306875 0.072500 0.101250
1 0.580000 0.052500 0.097500 0.102500
1 0.357500 0.784375 0.072500 0.078750
1 0.070625 0.233125 0.098750 0.091250
1 0.648750 0.974375 0.067500 0.051250
1 0.754375 0.126250 0.143750 0.085000
1 0.776250 0.013125 0.042500 0.023750
1 0.212500 0.943125 0.075000 0.113750
1 0.123750 0.790000 0.095000 0.080000
1 0.046250 0.582500 0.090000 0.190000
1 0.189375 0.243750 0.093750 0.085000
1 0.238750 0.406250 0.085000 0.160000
1 0.383750 0.891250 0.097500 0.090000
1 0.033125 0.913125 0.063750 0.096250
1 0.562500 0.758750 0.130000 0.080000
1 0.406250 0.719375 0.062500 0.083750
1 0.391875 0.219375 0.088750 0.091250
1 0.810000 0.260625 0.155000 0.121250
1 0.598125 0.367500 0.081250 0.130000
1 0.104375 0.357500 0.078750 0.092500
1 0.256250 0.011250 0.065000 0.020000
1 0.153125 0.716250 0.111250 0.075000
1 0.165000 0.016250 0.067500 0.030000
1 0.213750 0.851250 0.077500 0.072500
1 0.923125 0.882500 0.071250 0.090000
1 0.170000 0.118750 0.090000 0.075000
1 0.669375 0.796875 0.056250 0.068750
