0 0.568125 0.388750 0.051250 0.032500
0 0.978125 0.599375 0.043750 0.061250
0 0.221875 0.372500 0.036250 0.027500
1 0.358125 0.432500 0.081250 0.092500
1 0.305000 0.927500 0.112500 0.142500
1 0.856250 0.831250 0.075000 0.070000
1 0.251875 0.245625 0.093750 0.096250
1 0.726250 0.552500 0.137500 0.075000
1 0.722500 0.855625 0.085000 0.081250
1 0.755625 0.045625 0.083750 0.088750
1 0.965625 0.771875 0.066250 0.056250
1 0.650000 0.273125 0.067500 0.086250
1 0.536250 0.968750 0.067500 0.062500
1 0.115625 0.224375 0.091250 0.088750
1 0.396875 0.949375 0.086250 0.098750
1 0.149375 0.413125 0.093750 0.058750
1 0.370625 0.645625 0.083750 0.063750
1 0.811875 0.062500 0.063750 0.102500
1 0.059375 0.080000 0.076250 0.072500
1 0.850000 0.756250 0.105000 0.077500
1 0.711875 0.770625 0.078750 0.066250
1 0.123125 0.940000 0.078750 0.060000
1 0.461875 0.921250 0.076250 0.067500
1 0.418750 0.695625 0.067500 0.068750
1 0.115625 0.313750 0.068750 0.062500
1 0.256250 0.805625 0.097500 0.063750
1 0.787500 0.593125 0.062500 0.078750
1 0.551250 0.660625 0.080000 0.116250
1 0.076875 0.149375 0.151250 0.078750
1 0.617500 0.683125 0.100000 0.061250
1 0.028125 0.521250 0.046250 0.055000
1 0.361875 0.733750 0.086250 0.102500
1 0.935625 0.083750 0.073750 0.060000
1 0.458750 0.726875 0.062500 0.073750
1 0.611250 0.871250 0.075000 0.075000
1 0.506250 0.792500 0.070000 0.055000
1 0.805625 0.191875 0.066250 0.076250
1 0.461875 0.020000 0.091250 0.037500
1 0.478125 0.858750 0.066250 0.062500
1 0.609375 0.796250 0.063750 0.055000
1 0.567500 0.388125 0.055000 0.033750
1 0.241250 0.980000 0.092500 0.037500
1 0.553125 0.781875 0.061250 0.078750
1 0.988750 0.689375 0.022500 0.071250
1 0.979375 0.590625 0.041250 0.053750
1 0.488125 0.976250 0.063750 0.045000
1 0.068750 0.518750 0.035000 0.052500
