0 0.275000 0.847500 0.100000 0.105000
0 0.618750 0.387500 0.090000 0.090000
0 0.894375 0.296875 0.138750 0.143750
0 0.193750 0.405000 0.057500 0.042500
0 0.336875 0.428750 0.061250 0.077500
1 0.030000 0.751875 0.057500 0.063750
1 0.201250 0.315000 0.067500 0.060000
1 0.880625 0.029375 0.053750 0.056250
1 0.971250 0.738750 0.047500 0.065000
1 0.453750 0.955625 0.095000 0.068750
1 0.020625 0.520625 0.038750 0.061250
1 0.806250 0.202500 0.085000 0.075000
1 0.486250 0.706875 0.045000 0.066250
1 0.748125 0.333750 0.048750 0.047500
1 0.778125 0.824375 0.061250 0.081250
1 0.565000 0.572500 0.082500 0.045000
1 0.173750 0.505625 0.075000 0.051250
1 0.775625 0.065000 0.098750 0.057500
1 0.428750 0.679375 0.042500 0.056250
1 0.643125 0.700000 0.043750 0.077500
1 0.623125 0.983125 0.048750 0.031250
1 0.711250 0.556250 0.092500 0.067500
1 0.523125 0.694375 0.038750 0.061250
1 0.145625 0.750000 0.043750 0.075000
1 0.221875 0.133750 0.053750 0.042500
1 0.280625 0.737500 0.046250 0.050000
1 0.770625 0.891250 0.046250 0.082500
1 0.525000 0.042500 0.057500 0.050000
1 0.778750 0.258125 0.045000 0.051250
1 0.646250 0.601250 0.045000 0.047500
1 0.532500 0.886875 0.072500 0.136250
1 0.397500 0.042500 0.045000 0.057500
1 0.160000 0.026250 0.062500 0.045000
1 0.114375 0.528750 0.061250 0.040000
1 0.216875 0.541875 0.071250 0.033750
1 0.519375 0.920000 0.048750 0.077500
1 0.180625 0.581250 0.048750 0.040000
1 0.565000 0.053125 0.032500 0.038750
1 0.546875 0.843125 0.038750 0.053750
1 0.020000 0.686875 0.037500 0.036250
1 0.311875 0.718750 0.041250 0.050000
1 0.423750 0.795000 0.050000 0.047500
0 0.486250 0.368125 0.107500 0.091250
