0 0.726875 0.271875 0.081250 0.083750
0 0.183125 0.705000 0.116250 0.117500
0 0.261250 0.726250 0.077500 0.075000
1 0.756875 0.913125 0.041250 0.093750
1 0.043125 0.050625 0.083750 0.098750
1 0.361875 0.833125 0.126250 0.058750
1 0.514375 0.451875 0.113750 0.076250
1 0.392500 0.533125 0.072500 0.066250
1 0.133750 0.536250 0.035000 0.030000
1 0.523750 0.528125 0.137500 0.078750
1 0.338125 0.916250 0.161250 0.050000
1 0.921250 0.913125 0.147500 0.051250
1 0.053750 0.606250 0.105000 0.090000
1 0.211250 0.069375 0.165000 0.118750
1 0.035625 0.867500 0.068750 0.067500
1 0.074375 0.451875 0.146250 0.076250
1 0.706875 0.877500 0.103750 0.152500
1 0.486875 0.249375 0.148750 0.223750
1 0.545000 0.399375 0.055000 0.078750
1 0.776250 0.395000 0.177500 0.100000
1 0.166250 0.150625 0.192500 0.096250
1 0.839375 0.286250 0.081250 0.057500
1 0.396875 0.111875 0.121250 0.186250
1 0.658125 0.780625 0.048750 0.041250
1 0.408125 0.320625 0.173750 0.156250
1 0.950625 0.963125 0.088750 0.073750
1 0.330625 0.936875 0.156250 0.071250
1 0.196875 0.853125 0.073750 0.063750
1 0.482500 0.634375 0.100000 0.081250
1 0.720000 0.680000 0.085000 0.085000
1 0.395625 0.754375 0.141250 0.048750
1 0.431250 0.877500 0.082500 0.047500
1 0.537500 0.616875 0.137500 0.098750
1 0.455000 0.540625 0.115000 0.068750
1 0.443125 0.457500 0.103750 0.090000
1 0.543750 0.897500 0.072500 0.097500
1 0.283125 0.375625 0.118750 0.091250
1 0.145625 0.245625 0.063750 0.121250
1 0.533125 0.683125 0.138750 0.053750
1 0.648125 0.532500 0.153750 0.087500
1 0.089375 0.818125 0.176250 0.056250
