0 0.360000 0.615625 0.080000 0.073750
0 0.888750 0.582500 0.140000 0.142500
0 0.103750 0.620000 0.032500 0.042500
1 0.561875 0.044375 0.048750 0.058750
1 0.293750 0.973125 0.055000 0.051250
1 0.227500 0.973125 0.060000 0.053750
1 0.143750 0.349375 0.057500 0.061250
1 0.953750 0.193125 0.070000 0.048750
1 0.142500 0.855000 0.072500 0.070000
1 0.078750 0.214375 0.060000 0.053750
1 0.035000 0.980000 0.040000 0.037500
1 0.127500 0.101250 0.045000 0.040000
1 0.353750 0.186250 0.070000 0.055000
1 0.211875 0.119375 0.053750 0.046250
1 0.593125 0.133750 0.041250 0.042500
1 0.623125 0.943125 0.043750 0.048750
1 0.418750 0.963125 0.052500 0.051250
1 0.576875 0.979375 0.051250 0.041250
1 0.640000 0.426875 0.045000 0.048750
1 0.571250 0.847500 0.050000 0.055000
1 0.356875 0.014375 0.058750 0.026250
1 0.871875 0.248750 0.048750 0.045000
1 0.014375 0.162500 0.026250 0.050000
1 0.983125 0.255000 0.033750 0.060000
0 0.548125 0.337500 0.056250 0.045000
0 0.276875 0.396250 0.138750 0.112500
0 0.165625 0.465000 0.133750 0.155000
