0 0.210000 0.064375 0.027500 0.056250
0 0.247500 0.045000 0.055000 0.087500
0 0.078750 0.086250 0.155000 0.170000
1 0.766875 0.895625 0.138750 0.073750
1 0.365000 0.847500 0.062500 0.067500
1 0.535625 0.942500 0.098750 0.100000
1 0.159375 0.851875 0.063750 0.061250
1 0.189375 0.593750 0.063750 0.055000
1 0.342500 0.533125 0.060000 0.048750
1 0.643750 0.711250 0.092500 0.057500
1 0.481875 0.660625 0.088750 0.056250
1 0.136250 0.720000 0.060000 0.055000
1 0.413750 0.973125 0.070000 0.053750
1 0.721250 0.697500 0.135000 0.065000
1 0.465625 0.867500 0.066250 0.092500
1 0.341250 0.928750 0.080000 0.115000
