0 0.445625 0.603125 0.096250 0.113750
0 0.541875 0.578750 0.091250 0.115000
0 0.522500 0.243750 0.070000 0.065000
1 0.740000 0.899375 0.082500 0.103750
1 0.302500 0.194375 0.085000 0.118750
1 0.163750 0.516250 0.097500 0.075000
1 0.038125 0.421250 0.073750 0.105000
1 0.933750 0.292500 0.127500 0.062500
1 0.656875 0.904375 0.061250 0.083750
1 0.873750 0.636250 0.077500 0.090000
1 0.063750 0.156875 0.122500 0.063750
1 0.098750 0.893750 0.112500 0.067500
1 0.699375 0.140625 0.076250 0.091250
1 0.130000 0.800625 0.092500 0.066250
1 0.836875 0.188125 0.063750 0.073750
1 0.333125 0.503750 0.078750 0.072500
1 0.810625 0.308750 0.071250 0.060000
1 0.560000 0.163750 0.160000 0.097500
1 0.773750 0.336875 0.072500 0.063750
1 0.434375 0.244375 0.068750 0.056250
1 0.395625 0.125625 0.093750 0.108750
1 0.838750 0.411250 0.060000 0.105000
1 0.036250 0.928125 0.070000 0.088750
1 0.245000 0.653125 0.065000 0.103750
1 0.219375 0.292500 0.101250 0.065000
1 0.857500 0.816250 0.080000 0.075000
1 0.270000 0.100625 0.047500 0.061250
1 0.628750 0.325625 0.085000 0.108750
1 0.674375 0.443750 0.073750 0.057500
1 0.235625 0.868125 0.061250 0.116250
1 0.407500 0.313125 0.137500 0.061250
1 0.920625 0.406250 0.066250 0.070000
1 0.143750 0.402500 0.057500 0.097500
1 0.767500 0.396250 0.057500 0.052500
1 0.087500 0.313125 0.057500 0.093750
1 0.802500 0.642500 0.067500 0.062500
1 0.186875 0.325000 0.063750 0.080000
1 0.391250 0.216250 0.080000 0.080000
1 0.037500 0.491250 0.072500 0.052500
1 0.808125 0.483750 0.061250 0.077500
1 0.764375 0.219375 0.058750 0.088750
1 0.719375 0.063750 0.066250 0.107500
1 0.846875 0.081875 0.041250 0.071250
1 0.655000 0.757500 0.055000 0.055000
1 0.151875 0.073125 0.078750 0.063750
1 0.681250 0.531250 0.052500 0.107500
1 0.974375 0.342500 0.048750 0.087500
1 0.183125 0.913125 0.071250 0.058750
1 0.088750 0.382500 0.090000 0.062500
1 0.741250 0.778125 0.057500 0.053750
1 0.673750 0.319375 0.052500 0.093750
1 0.282500 0.709375 0.065000 0.056250
1 0.830625 0.537500 0.066250 0.057500
1 0.210625 0.193750 0.091250 0.047500
1 0.429375 0.043125 0.121250 0.056250
1 0.913125 0.726875 0.116250 0.063750
1 0.081250 0.092500 0.067500 0.062500
1 0.860000 0.946250 0.127500 0.050000
1 0.835000 0.905625 0.085000 0.088750
1 0.224375 0.581875 0.053750 0.048750
1 0.723750 0.297500 0.052500 0.067500
1 0.794375 0.053750 0.051250 0.070000
1 0.316875 0.913750 0.048750 0.047500
1 0.156875 0.033750 0.063750 0.050000
1 0.136875 0.953750 0.083750 0.045000
1 0.048125 0.238750 0.083750 0.057500
1 0.811875 0.701875 0.078750 0.053750
1 0.343750 0.231250 0.052500 0.115000
1 0.726875 0.536250 0.053750 0.072500
1 0.297500 0.402500 0.110000 0.065000
1 0.892500 0.023750 0.075000 0.045000
1 0.875000 0.542500 0.047500 0.060000
1 0.946875 0.210000 0.083750 0.050000
1 0.252500 0.164375 0.077500 0.051250
1 0.151250 0.570000 0.072500 0.050000
1 0.133750 0.260625 0.087500 0.053750
1 0.776250 0.124375 0.055000 0.056250
1 0.919375 0.465000 0.068750 0.045000
1 0.668750 0.077500 0.055000 0.062500
1 0.030625 0.569375 0.058750 0.051250
1 0.323750 0.420000 0.120000 0.062500
1 0.173125 0.159375 0.076250 0.051250
1 0.164375 0.651250 0.053750 0.075000
1 0.330000 0.067500 0.052500 0.057500
1 0.096250 0.565000 0.090000 0.070000
1 0.949375 0.140625 0.056250 0.061250
1 0.939375 0.095625 0.053750 0.063750
1 0.768750 0.712500 0.050000 0.047500
1 0.615625 0.182500 0.053750 0.075000
1 0.020625 0.640000 0.038750 0.037500
1 0.585000 0.017500 0.067500 0.032500
1 0.581875 0.047500 0.058750 0.030000
