0 0.168125 0.599375 0.106250 0.096250
0 0.294375 0.598125 0.053750 0.056250
1 0.961875 0.071250 0.076250 0.080000
1 0.924375 0.838750 0.063750 0.090000
1 0.065625 0.119375 0.128750 0.058750
1 0.979375 0.605000 0.041250 0.057500
1 0.213750 0.208750 0.232500 0.062500
1 0.713750 0.643750 0.157500 0.105000
1 0.096875 0.661250 0.191250 0.082500
1 0.787500 0.848750 0.095000 0.127500
1 0.935000 0.904375 0.130000 0.073750
1 0.763125 0.711875 0.178750 0.083750
1 0.068125 0.467500 0.133750 0.087500
1 0.079375 0.962500 0.116250 0.072500
1 0.061250 0.351875 0.120000 0.116250
1 0.165625 0.981875 0.131250 0.036250
1 0.396875 0.060000 0.173750 0.047500
1 0.645625 0.322500 0.183750 0.122500
1 0.960000 0.381875 0.080000 0.058750
1 0.908125 0.966250 0.076250 0.067500
1 0.114375 0.848125 0.086250 0.036250
1 0.877500 0.577500 0.120000 0.110000
1 0.969375 0.949375 0.061250 0.053750
1 0.063125 0.755625 0.123750 0.083750
1 0.298750 0.701875 0.137500 0.076250
1 0.055000 0.516250 0.107500 0.070000
1 0.154375 0.028750 0.238750 0.055000
1 0.647500 0.285625 0.185000 0.061250
1 0.442500 0.131250 0.057500 0.025000
1 0.922500 0.538750 0.115000 0.055000
1 0.373125 0.846875 0.126250 0.106250
