0 0.257500 0.118750 0.055000 0.067500
0 0.037500 0.178750 0.072500 0.090000
0 0.959375 0.091250 0.078750 0.077500
1 0.743125 0.709375 0.086250 0.066250
1 0.766250 0.791875 0.055000 0.073750
1 0.636250 0.678750 0.055000 0.075000
1 0.580625 0.491875 0.086250 0.158750
1 0.835000 0.813125 0.075000 0.076250
1 0.620625 0.778750 0.068750 0.057500
1 0.858750 0.731875 0.077500 0.048750
1 0.940000 0.458750 0.112500 0.070000
1 0.942500 0.980000 0.070000 0.040000
1 0.669375 0.968750 0.098750 0.062500
1 0.107500 0.533125 0.062500 0.063750
1 0.137500 0.873750 0.067500 0.050000
1 0.679375 0.754375 0.048750 0.056250
1 0.159375 0.978750 0.058750 0.040000
1 0.736875 0.933750 0.051250 0.052500
1 0.643125 0.465000 0.086250 0.097500
1 0.945000 0.930000 0.110000 0.065000
