0 0.391250 0.255625 0.135000 0.123750
0 0.281250 0.386875 0.130000 0.116250
1 0.071875 0.796875 0.041250 0.051250
1 0.316875 0.816875 0.043750 0.076250
1 0.113750 0.290625 0.097500 0.038750
1 0.460000 0.853125 0.050000 0.083750
1 0.866250 0.411250 0.067500 0.045000
1 0.791250 0.290625 0.047500 0.076250
1 0.165000 0.600000 0.040000 0.045000
1 0.276250 0.703750 0.072500 0.040000
1 0.288750 0.786875 0.047500 0.046250
1 0.126250 0.480625 0.060000 0.056250
1 0.042500 0.760625 0.045000 0.041250
1 0.572500 0.922500 0.037500 0.057500
1 0.196875 0.350625 0.038750 0.051250
1 0.651875 0.395625 0.041250 0.038750
1 0.441875 0.528750 0.046250 0.047500
1 0.365625 0.595000 0.038750 0.042500
1 0.428125 0.571250 0.073750 0.035000
1 0.777500 0.752500 0.087500 0.032500
1 0.776875 0.387500 0.083750 0.065000
1 0.387500 0.765000 0.035000 0.035000
1 0.648750 0.301875 0.040000 0.036250
1 0.365625 0.500625 0.061250 0.053750
1 0.537500 0.234375 0.062500 0.053750
1 0.584375 0.660000 0.053750 0.037500
1 0.462500 0.638125 0.040000 0.041250
1 0.196875 0.751875 0.041250 0.036250
1 0.896250 0.678125 0.075000 0.038750
1 0.706250 0.715625 0.040000 0.028750
1 0.594375 0.338750 0.051250 0.032500
1 0.522500 0.112500 0.087500 0.115000
1 0.836250 0.093125 0.052500 0.106250
1 0.854375 0.255000 0.058750 0.062500
1 0.479375 0.440625 0.038750 0.051250
1 0.890000 0.620625 0.047500 0.051250
1 0.930000 0.491250 0.080000 0.080000
1 0.968125 0.570625 0.053750 0.028750
1 0.936875 0.408750 0.058750 0.040000
1 0.875625 0.365000 0.078750 0.032500
1 0.888750 0.279375 0.065000 0.056250
1 0.506875 0.347500 0.111250 0.025000
1 0.598125 0.618750 0.033750 0.070000
