0 0.964375 0.031250 0.071250 0.060000
0 0.408750 0.421250 0.090000 0.092500
0 0.162500 0.086250 0.062500 0.047500
1 0.193125 0.554375 0.071250 0.063750
1 0.350625 0.121250 0.083750 0.077500
1 0.240000 0.845625 0.052500 0.063750
1 0.095625 0.834375 0.078750 0.063750
1 0.657500 0.494375 0.067500 0.068750
1 0.216875 0.701250 0.056250 0.070000
1 0.701250 0.662500 0.050000 0.072500
1 0.479375 0.524375 0.066250 0.063750
1 0.208750 0.468125 0.052500 0.053750
1 0.303125 0.456875 0.066250 0.063750
1 0.811875 0.189375 0.046250 0.061250
1 0.533125 0.246875 0.056250 0.096250
1 0.906875 0.044375 0.068750 0.068750
1 0.691875 0.973750 0.063750 0.052500
1 0.920000 0.283125 0.045000 0.061250
1 0.437500 0.175625 0.100000 0.073750
1 0.288125 0.973125 0.078750 0.053750
1 0.967500 0.743125 0.050000 0.051250
1 0.641250 0.812500 0.050000 0.047500
1 0.645000 0.309375 0.072500 0.051250
1 0.601875 0.911250 0.048750 0.045000
1 0.431875 0.113750 0.048750 0.085000
1 0.205000 0.298125 0.067500 0.063750
1 0.636250 0.708750 0.052500 0.065000
1 0.955000 0.970625 0.047500 0.056250
1 0.915000 0.372500 0.055000 0.065000
1 0.605625 0.370625 0.066250 0.083750
1 0.706250 0.551250 0.107500 0.047500
1 0.549375 0.646250 0.056250 0.065000
1 0.360000 0.206875 0.077500 0.063750
1 0.787500 0.931250 0.050000 0.047500
1 0.471875 0.811250 0.046250 0.037500
1 0.531875 0.459375 0.061250 0.053750
1 0.685625 0.071250 0.058750 0.047500
1 0.243750 0.180625 0.070000 0.051250
1 0.471250 0.406250 0.060000 0.090000
1 0.221250 0.230000 0.067500 0.110000
1 0.888750 0.803750 0.065000 0.085000
1 0.766250 0.266250 0.100000 0.072500
1 0.876250 0.197500 0.042500 0.087500
1 0.422500 0.555625 0.055000 0.038750
1 0.886875 0.911250 0.043750 0.045000
1 0.930625 0.781250 0.043750 0.042500
1 0.525000 0.383750 0.095000 0.055000
1 0.013750 0.558125 0.025000 0.071250
1 0.789375 0.837500 0.043750 0.050000
1 0.893750 0.013750 0.052500 0.025000
1 0.596875 0.505000 0.053750 0.077500
1 0.767500 0.871250 0.050000 0.042500
1 0.607500 0.652500 0.045000 0.067500
1 0.891875 0.677500 0.058750 0.080000
1 0.288750 0.117500 0.037500 0.050000
1 0.813125 0.978125 0.058750 0.041250
1 0.363125 0.414375 0.053750 0.058750
1 0.441250 0.455625 0.072500 0.048750
1 0.271875 0.627500 0.041250 0.050000
1 0.528750 0.550000 0.045000 0.042500
1 0.234375 0.019375 0.053750 0.036250
1 0.536250 0.350625 0.035000 0.046250
1 0.912500 0.965000 0.042500 0.065000
1 0.840625 0.894375 0.041250 0.041250
1 0.643750 0.246875 0.055000 0.058750
1 0.146875 0.815000 0.038750 0.040000
1 0.845625 0.946250 0.061250 0.075000
1 0.242500 0.989375 0.047500 0.018750
