0 0.197500 0.771875 0.080000 0.096250
0 0.371875 0.725625 0.086250 0.106250
0 0.726250 0.316250 0.077500 0.045000
1 0.124375 0.220000 0.176250 0.107500
1 0.798125 0.964375 0.088750 0.071250
1 0.571250 0.370000 0.125000 0.067500
1 0.300625 0.460000 0.158750 0.065000
1 0.958125 0.906875 0.083750 0.081250
1 0.714375 0.823750 0.091250 0.147500
1 0.220625 0.046250 0.088750 0.090000
1 0.483750 0.186875 0.080000 0.156250
1 0.143125 0.664375 0.058750 0.123750
1 0.158125 0.370625 0.148750 0.081250
1 0.751250 0.135625 0.070000 0.116250
1 0.725000 0.445000 0.065000 0.075000
1 0.676875 0.947500 0.078750 0.060000
1 0.825625 0.243750 0.063750 0.082500
1 0.546250 0.941250 0.077500 0.070000
1 0.190000 0.921250 0.097500 0.070000
1 0.663125 0.652500 0.101250 0.142500
1 0.409375 0.030625 0.086250 0.058750
1 0.292500 0.928125 0.070000 0.053750
1 0.415000 0.980000 0.090000 0.037500
1 0.247500 0.595000 0.055000 0.057500
1 0.340000 0.253125 0.047500 0.051250
1 0.843125 0.396250 0.053750 0.052500
1 0.145625 0.975000 0.101250 0.047500
1 0.161250 0.426250 0.040000 0.042500
1 0.683125 0.621250 0.056250 0.075000
1 0.573750 0.885625 0.055000 0.068750
1 0.865000 0.018125 0.062500 0.033750
1 0.985625 0.092500 0.028750 0.115000
