0 0.173125 0.173125 0.091250 0.083750
0 0.195625 0.080625 0.128750 0.111250
0 0.277500 0.218125 0.147500 0.136250
1 0.916875 0.391250 0.061250 0.082500
1 0.711875 0.350000 0.061250 0.120000
1 0.934375 0.101250 0.071250 0.115000
1 0.775000 0.340625 0.042500 0.098750
1 0.847500 0.496875 0.100000 0.141250
1 0.984375 0.741250 0.031250 0.060000
1 0.967500 0.248750 0.060000 0.145000
1 0.818125 0.649375 0.093750 0.101250
1 0.911250 0.578750 0.052500 0.097500
1 0.902500 0.678125 0.055000 0.053750
1 0.936250 0.486250 0.080000 0.062500
1 0.923750 0.821250 0.062500 0.062500
1 0.732500 0.865000 0.042500 0.060000
1 0.836875 0.249375 0.076250 0.116250
1 0.794375 0.866875 0.088750 0.091250
