0 0.938125 0.488125 0.123750 0.118750
0 0.911250 0.089375 0.177500 0.176250
0 0.856875 0.306875 0.073750 0.058750
1 0.592500 0.473125 0.095000 0.056250
1 0.389375 0.251875 0.063750 0.053750
1 0.748125 0.444375 0.113750 0.083750
1 0.349375 0.096875 0.056250 0.073750
1 0.164375 0.881250 0.061250 0.047500
1 0.490000 0.878750 0.102500 0.070000
1 0.863125 0.788125 0.098750 0.051250
1 0.556875 0.953750 0.076250 0.045000
1 0.461250 0.585625 0.060000 0.051250
1 0.305000 0.841875 0.077500 0.061250
1 0.216250 0.221250 0.085000 0.047500
1 0.425000 0.768750 0.057500 0.070000
1 0.063125 0.563750 0.103750 0.047500
1 0.429375 0.427500 0.083750 0.057500
1 0.181875 0.475000 0.071250 0.057500
1 0.744375 0.950000 0.116250 0.050000
1 0.781875 0.704375 0.126250 0.086250
1 0.467500 0.126875 0.077500 0.128750
1 0.609375 0.333750 0.123750 0.122500
1 0.273125 0.618750 0.063750 0.097500
1 0.718125 0.083125 0.093750 0.056250
1 0.171875 0.341250 0.081250 0.092500
1 0.726250 0.821250 0.140000 0.050000
