0 0.795000 0.652500 0.072500 0.075000
0 0.276875 0.851875 0.113750 0.113750
0 0.355000 0.345625 0.130000 0.136250
1 0.530000 0.651250 0.190000 0.132500
1 0.128125 0.418750 0.106250 0.125000
1 0.343750 0.763750 0.082500 0.065000
1 0.184375 0.727500 0.066250 0.080000
1 0.081250 0.308125 0.110000 0.078750
1 0.760000 0.556250 0.117500 0.055000
1 0.653750 0.449375 0.107500 0.088750
1 0.523125 0.056250 0.078750 0.110000
1 0.188125 0.458125 0.141250 0.086250
1 0.830625 0.581250 0.106250 0.050000
1 0.022500 0.469375 0.040000 0.058750
1 0.498125 0.462500 0.078750 0.070000
1 0.793750 0.431875 0.132500 0.073750
1 0.496250 0.613125 0.060000 0.058750
1 0.536875 0.265625 0.051250 0.063750
1 0.032500 0.594375 0.040000 0.053750
1 0.375625 0.713750 0.181250 0.052500
1 0.599375 0.161875 0.051250 0.036250
1 0.600000 0.612500 0.075000 0.075000
1 0.111250 0.622500 0.045000 0.040000
1 0.649375 0.866250 0.046250 0.107500
1 0.043750 0.960000 0.085000 0.080000
1 0.375625 0.531875 0.221250 0.078750
1 0.811875 0.459375 0.071250 0.053750
