0 0.060000 0.584375 0.117500 0.188750
0 0.173125 0.553750 0.066250 0.065000
0 0.048750 0.100000 0.095000 0.197500
0 0.045000 0.180625 0.087500 0.081250
0 0.093750 0.336250 0.137500 0.087500
0 0.102500 0.904375 0.147500 0.128750
0 0.063750 0.765625 0.125000 0.123750
1 0.496875 0.118125 0.143750 0.101250
1 0.429375 0.157500 0.198750 0.095000
1 0.955000 0.607500 0.062500 0.192500
1 0.584375 0.908750 0.113750 0.102500
1 0.484375 0.630000 0.083750 0.065000
1 0.750625 0.628750 0.056250 0.077500
1 0.693125 0.843750 0.053750 0.152500
1 0.640625 0.075000 0.058750 0.072500
1 0.554375 0.655000 0.058750 0.072500
1 0.716250 0.733125 0.050000 0.073750
1 0.616250 0.023125 0.060000 0.043750
1 0.650000 0.456875 0.130000 0.046250
1 0.828125 0.575000 0.056250 0.052500
1 0.336250 0.686875 0.117500 0.046250
1 0.916250 0.818750 0.057500 0.065000
1 0.578125 0.405625 0.118750 0.056250
1 0.913125 0.114375 0.048750 0.046250
1 0.757500 0.896875 0.057500 0.171250
1 0.548750 0.840000 0.070000 0.047500
1 0.571875 0.355000 0.056250 0.047500
1 0.293750 0.706250 0.115000 0.052500
1 0.544375 0.383125 0.111250 0.101250
