0 0.741250 0.046250 0.072500 0.075000
0 0.056875 0.256250 0.111250 0.080000
0 0.765000 0.904375 0.060000 0.058750
1 0.055625 0.806250 0.108750 0.112500
1 0.361250 0.130625 0.062500 0.078750
1 0.292500 0.581250 0.075000 0.142500
1 0.950625 0.083750 0.093750 0.052500
1 0.301875 0.713750 0.126250 0.052500
1 0.739375 0.733125 0.068750 0.096250
1 0.570000 0.181875 0.180000 0.076250
1 0.361875 0.947500 0.081250 0.065000
1 0.646250 0.763750 0.162500 0.110000
1 0.728750 0.355625 0.145000 0.181250
1 0.093125 0.604375 0.168750 0.076250
1 0.618125 0.423750 0.148750 0.180000
1 0.133125 0.110000 0.116250 0.157500
1 0.115000 0.483125 0.132500 0.078750
1 0.160625 0.807500 0.098750 0.087500
1 0.048750 0.157500 0.095000 0.112500
1 0.931875 0.633750 0.068750 0.062500
1 0.063125 0.931875 0.091250 0.063750
1 0.406250 0.606875 0.090000 0.213750
1 0.277500 0.835625 0.075000 0.058750
1 0.111250 0.900000 0.062500 0.070000
1 0.439375 0.148750 0.103750 0.207500
1 0.883750 0.505625 0.092500 0.083750
1 0.254375 0.685625 0.063750 0.093750
1 0.036875 0.496250 0.071250 0.065000
1 0.030000 0.333125 0.057500 0.073750
1 0.942500 0.041875 0.112500 0.076250
1 0.894375 0.710625 0.058750 0.071250
1 0.124375 0.537500 0.133750 0.075000
1 0.058125 0.030000 0.113750 0.057500
1 0.442500 0.380000 0.127500 0.250000
1 0.833750 0.643125 0.095000 0.068750
1 0.166250 0.185000 0.050000 0.067500
1 0.797500 0.304375 0.055000 0.066250
1 0.725000 0.486250 0.137500 0.125000
1 0.961250 0.748750 0.050000 0.125000
1 0.140625 0.355000 0.136250 0.067500
1 0.570625 0.560625 0.116250 0.176250
1 0.620625 0.820000 0.076250 0.047500
1 0.462500 0.747500 0.057500 0.095000
