0 0.606250 0.380625 0.095000 0.076250
0 0.133750 0.327500 0.057500 0.067500
0 0.913750 0.406875 0.072500 0.063750
1 0.351250 0.965000 0.057500 0.067500
1 0.025625 0.023750 0.048750 0.045000
1 0.665000 0.820000 0.067500 0.067500
1 0.576875 0.259375 0.058750 0.066250
1 0.528125 0.851875 0.078750 0.093750
1 0.235000 0.785000 0.080000 0.055000
1 0.755625 0.878750 0.061250 0.057500
1 0.599375 0.090000 0.063750 0.047500
1 0.500000 0.196250 0.072500 0.065000
1 0.272500 0.832500 0.097500 0.067500
1 0.912500 0.765000 0.042500 0.072500
1 0.281875 0.267500 0.048750 0.065000
1 0.966250 0.745625 0.062500 0.056250
1 0.033125 0.121875 0.063750 0.063750
1 0.918750 0.266250 0.057500 0.047500
1 0.640625 0.173750 0.073750 0.052500
1 0.948750 0.170000 0.057500 0.050000
1 0.448750 0.310625 0.045000 0.058750
1 0.520625 0.132500 0.046250 0.045000
1 0.325625 0.720000 0.058750 0.060000
1 0.645625 0.911875 0.051250 0.053750
1 0.326250 0.117500 0.050000 0.052500
1 0.041250 0.741875 0.080000 0.051250
1 0.384375 0.786250 0.058750 0.057500
1 0.981875 0.851250 0.036250 0.082500
1 0.092500 0.118125 0.065000 0.056250
1 0.020000 0.202500 0.037500 0.047500
1 0.756250 0.148125 0.045000 0.046250
1 0.945000 0.218125 0.040000 0.036250
1 0.247500 0.658750 0.052500 0.052500
1 0.489375 0.070000 0.043750 0.045000
1 0.437500 0.737500 0.057500 0.055000
1 0.022500 0.798750 0.042500 0.080000
1 0.598125 0.988750 0.048750 0.020000
1 0.681250 0.983125 0.045000 0.033750
1 0.132500 0.011250 0.052500 0.020000
1 0.062500 0.986250 0.067500 0.027500
1 0.835625 0.986875 0.058750 0.026250
1 0.386875 0.739375 0.046250 0.048750
1 0.991875 0.157500 0.013750 0.070000
0 0.094375 0.881250 0.071250 0.047500
1 0.365625 0.090000 0.093750 0.097500
