0 0.055000 0.123750 0.027500 0.062500
0 0.905000 0.263750 0.085000 0.077500
0 0.858750 0.297500 0.082500 0.075000
1 0.613750 0.047500 0.100000 0.070000
1 0.727500 0.170625 0.062500 0.071250
1 0.615000 0.250625 0.067500 0.108750
1 0.347500 0.100625 0.102500 0.063750
1 0.676875 0.742500 0.073750 0.047500
1 0.503125 0.346250 0.073750 0.060000
1 0.147500 0.236250 0.055000 0.065000
1 0.458125 0.068125 0.048750 0.093750
1 0.436875 0.248750 0.038750 0.060000
1 0.521250 0.869375 0.085000 0.068750
1 0.339375 0.366250 0.056250 0.092500
1 0.054375 0.121875 0.036250 0.073750
1 0.720000 0.099375 0.065000 0.038750
1 0.475000 0.661875 0.070000 0.061250
1 0.331875 0.594375 0.046250 0.116250
1 0.082500 0.063750 0.055000 0.100000
1 0.747500 0.862500 0.107500 0.040000
1 0.539375 0.516875 0.046250 0.093750
1 0.647500 0.449375 0.082500 0.031250
1 0.767500 0.506875 0.110000 0.066250
1 0.875000 0.970625 0.142500 0.046250
1 0.695000 0.935625 0.122500 0.036250
