0 0.550000 0.595000 0.082500 0.130000
0 0.752500 0.416875 0.147500 0.148750
1 0.313750 0.083125 0.085000 0.121250
1 0.869375 0.051250 0.126250 0.082500
1 0.485000 0.335000 0.087500 0.155000
1 0.143125 0.235625 0.111250 0.081250
1 0.040625 0.508125 0.073750 0.093750
1 0.820000 0.928750 0.077500 0.075000
1 0.916250 0.890000 0.097500 0.072500
1 0.812500 0.669375 0.117500 0.076250
1 0.378750 0.713750 0.062500 0.087500
1 0.370000 0.212500 0.080000 0.102500
1 0.160000 0.168125 0.065000 0.071250
1 0.151875 0.923750 0.073750 0.067500
1 0.519375 0.882500 0.068750 0.082500
0 0.190625 0.723750 0.168750 0.192500
