0 0.172500 0.585000 0.072500 0.075000
0 0.137500 0.402500 0.095000 0.095000
0 0.080000 0.145000 0.060000 0.040000
1 0.866250 0.926875 0.082500 0.068750
1 0.888125 0.703750 0.101250 0.050000
1 0.859375 0.565625 0.093750 0.041250
1 0.769375 0.499375 0.081250 0.051250
1 0.681875 0.670000 0.056250 0.072500
1 0.461250 0.752500 0.050000 0.087500
1 0.548125 0.962500 0.058750 0.055000
1 0.531875 0.493750 0.053750 0.050000
1 0.738750 0.233125 0.055000 0.083750
1 0.582500 0.277500 0.052500 0.057500
1 0.863125 0.971875 0.053750 0.053750
1 0.277500 0.857500 0.242500 0.070000
