0 0.356875 0.545000 0.041250 0.032500
0 0.635625 0.607500 0.046250 0.052500
0 0.646875 0.513750 0.083750 0.085000
1 0.322500 0.749375 0.075000 0.071250
1 0.424375 0.721250 0.043750 0.060000
1 0.528750 0.603125 0.040000 0.058750
1 0.465000 0.824375 0.050000 0.068750
1 0.390000 0.416875 0.085000 0.051250
1 0.528125 0.396250 0.078750 0.040000
1 0.481875 0.965000 0.046250 0.067500
1 0.520000 0.065625 0.057500 0.066250
1 0.435625 0.912500 0.053750 0.047500
1 0.517500 0.265625 0.057500 0.071250
1 0.043125 0.123750 0.061250 0.080000
1 0.398750 0.976875 0.065000 0.043750
1 0.015000 0.750625 0.027500 0.051250
1 0.501250 0.360625 0.062500 0.043750
1 0.023750 0.863125 0.045000 0.066250
1 0.508750 0.695625 0.047500 0.046250
1 0.371875 0.151875 0.056250 0.113750
1 0.441250 0.079375 0.087500 0.098750
1 0.460000 0.185000 0.072500 0.105000
1 0.585000 0.134375 0.027500 0.071250
1 0.972500 0.985625 0.035000 0.028750
