0 0.821250 0.645000 0.070000 0.050000
0 0.755000 0.646250 0.032500 0.027500
0 0.901250 0.643125 0.080000 0.058750
1 0.402500 0.099375 0.072500 0.086250
1 0.381250 0.528125 0.077500 0.126250
1 0.464375 0.077500 0.063750 0.112500
1 0.683750 0.058750 0.055000 0.075000
1 0.350625 0.315000 0.108750 0.082500
1 0.700625 0.920000 0.061250 0.097500
1 0.171250 0.490625 0.065000 0.183750
1 0.895625 0.686875 0.043750 0.073750
1 0.715000 0.714375 0.082500 0.068750
1 0.636250 0.316875 0.092500 0.088750
1 0.848750 0.941875 0.055000 0.071250
1 0.927500 0.409375 0.122500 0.051250
1 0.925000 0.235000 0.072500 0.042500
1 0.031875 0.352500 0.061250 0.057500
1 0.585625 0.088750 0.043750 0.060000
1 0.063750 0.669375 0.042500 0.101250
1 0.473750 0.445625 0.075000 0.071250
1 0.578125 0.922500 0.111250 0.045000
1 0.568750 0.826250 0.065000 0.045000
1 0.563125 0.627500 0.041250 0.092500
1 0.810000 0.264375 0.040000 0.048750
1 0.218750 0.187500 0.112500 0.062500
1 0.709375 0.385625 0.053750 0.043750
1 0.921250 0.931250 0.115000 0.050000
1 0.588750 0.891875 0.055000 0.048750
1 0.221875 0.429375 0.078750 0.101250
1 0.805000 0.354375 0.045000 0.063750
1 0.100000 0.916250 0.070000 0.032500
1 0.889375 0.173125 0.093750 0.108750
1 0.410000 0.945625 0.070000 0.063750
1 0.275000 0.117500 0.142500 0.050000
1 0.495625 0.873125 0.061250 0.036250
1 0.620000 0.477500 0.070000 0.050000
1 0.461875 0.363750 0.116250 0.042500
1 0.873750 0.755000 0.047500 0.047500
1 0.340000 0.248750 0.110000 0.055000
1 0.742500 0.247500 0.042500 0.045000
1 0.706250 0.777500 0.060000 0.045000
1 0.107500 0.103125 0.087500 0.121250
1 0.501875 0.224375 0.038750 0.061250
1 0.509375 0.546875 0.061250 0.136250
1 0.368125 0.190625 0.136250 0.046250
1 0.587500 0.258750 0.062500 0.047500
1 0.528750 0.743125 0.112500 0.078750
1 0.531250 0.782500 0.090000 0.042500
1 0.748750 0.447500 0.055000 0.065000
1 0.118750 0.172500 0.072500 0.042500
1 0.100000 0.804375 0.067500 0.076250
1 0.243125 0.795625 0.093750 0.046250
1 0.117500 0.737500 0.075000 0.037500
1 0.427500 0.850625 0.047500 0.038750
1 0.252500 0.290625 0.075000 0.046250
1 0.226875 0.330625 0.096250 0.041250
1 0.628125 0.041250 0.036250 0.040000
1 0.472500 0.245000 0.055000 0.032500
1 0.380000 0.877500 0.040000 0.045000
1 0.251250 0.915000 0.057500 0.097500
1 0.055625 0.818750 0.071250 0.052500
1 0.263125 0.066875 0.118750 0.048750
1 0.569375 0.563750 0.081250 0.077500
1 0.257500 0.956875 0.057500 0.041250
1 0.623750 0.588125 0.097500 0.171250
1 0.245625 0.610625 0.081250 0.038750
1 0.239375 0.699375 0.111250 0.103750
1 0.155000 0.895000 0.037500 0.060000
1 0.302500 0.441250 0.082500 0.037500
1 0.345000 0.083125 0.042500 0.068750
1 0.763750 0.309375 0.037500 0.038750
1 0.945000 0.887500 0.057500 0.085000
1 0.430625 0.686250 0.036250 0.050000
1 0.797500 0.429375 0.085000 0.033750
1 0.232500 0.675000 0.155000 0.117500
1 0.514375 0.483750 0.046250 0.115000
1 0.371875 0.378125 0.046250 0.056250
1 0.278750 0.706250 0.055000 0.075000
1 0.183750 0.808125 0.047500 0.033750
1 0.141250 0.965000 0.045000 0.047500
1 0.035625 0.935625 0.068750 0.036250
