0 0.735000 0.174375 0.035000 0.031250
0 0.045625 0.056875 0.078750 0.078750
0 0.906875 0.085000 0.091250 0.092500
1 0.408750 0.476875 0.187500 0.286250
1 0.118125 0.285000 0.071250 0.272500
1 0.410625 0.591250 0.053750 0.067500
1 0.607500 0.231250 0.070000 0.140000
1 0.861250 0.234375 0.097500 0.166250
1 0.551250 0.459375 0.062500 0.116250
1 0.771875 0.526250 0.063750 0.095000
1 0.020000 0.661875 0.037500 0.073750
1 0.475000 0.438750 0.055000 0.092500
1 0.441875 0.170625 0.116250 0.123750
1 0.509375 0.468750 0.068750 0.112500
1 0.818125 0.571250 0.268750 0.267500
1 0.439375 0.608125 0.058750 0.106250
1 0.350000 0.280000 0.067500 0.065000
1 0.906250 0.727500 0.142500 0.180000
1 0.960625 0.564375 0.078750 0.166250
1 0.078750 0.555625 0.085000 0.176250
1 0.455000 0.327500 0.055000 0.130000
1 0.631875 0.382500 0.048750 0.045000
1 0.239375 0.433750 0.068750 0.067500
1 0.735625 0.797500 0.106250 0.172500
1 0.050625 0.233125 0.098750 0.233750
1 0.410625 0.256875 0.108750 0.073750
1 0.178750 0.166250 0.055000 0.112500
1 0.860000 0.460000 0.047500 0.135000
1 0.123750 0.087500 0.095000 0.172500
1 0.328125 0.253750 0.053750 0.042500
1 0.048125 0.932500 0.053750 0.075000
1 0.710625 0.975000 0.071250 0.050000
1 0.018125 0.315625 0.033750 0.076250
1 0.732500 0.290000 0.052500 0.085000
1 0.850000 0.371250 0.105000 0.105000
1 0.531875 0.611250 0.071250 0.125000
1 0.155625 0.313750 0.088750 0.217500
1 0.779375 0.432500 0.058750 0.090000
1 0.600625 0.438125 0.071250 0.113750
1 0.666875 0.329375 0.083750 0.091250
1 0.471250 0.516250 0.075000 0.120000
1 0.126250 0.227500 0.060000 0.187500
1 0.305000 0.328750 0.147500 0.075000
1 0.040625 0.323750 0.058750 0.122500
1 0.940000 0.277500 0.112500 0.075000
1 0.183125 0.375625 0.053750 0.188750
1 0.293125 0.766250 0.071250 0.240000
1 0.648750 0.675000 0.135000 0.085000
1 0.771250 0.291250 0.125000 0.242500
1 0.630625 0.861250 0.081250 0.162500
1 0.416875 0.123750 0.093750 0.092500
1 0.271875 0.481875 0.103750 0.213750
1 0.644375 0.252500 0.041250 0.082500
1 0.144375 0.521250 0.063750 0.152500
1 0.202500 0.263750 0.040000 0.087500
1 0.143125 0.804375 0.168750 0.288750
1 0.653125 0.537500 0.071250 0.210000
1 0.053750 0.521875 0.105000 0.141250
1 0.546250 0.158125 0.065000 0.261250
1 0.030625 0.424375 0.053750 0.128750
1 0.215625 0.183125 0.051250 0.056250
1 0.597500 0.332500 0.062500 0.085000
1 0.718125 0.510625 0.086250 0.066250
1 0.385000 0.355625 0.075000 0.091250
