0 0.626250 0.028750 0.025000 0.050000
0 0.807500 0.031875 0.092500 0.061250
0 0.966250 0.026875 0.067500 0.051250
1 0.425000 0.592500 0.092500 0.170000
1 0.228125 0.386875 0.113750 0.073750
1 0.615625 0.192500 0.073750 0.077500
1 0.305625 0.676250 0.116250 0.067500
1 0.521875 0.269375 0.058750 0.093750
1 0.734375 0.111875 0.068750 0.221250
1 0.951875 0.853750 0.096250 0.090000
1 0.960000 0.963125 0.077500 0.071250
1 0.045625 0.258125 0.056250 0.053750
1 0.741875 0.969375 0.051250 0.061250
1 0.297500 0.271875 0.177500 0.056250
1 0.624375 0.474375 0.106250 0.073750
1 0.589375 0.066875 0.061250 0.111250
1 0.521875 0.466875 0.068750 0.086250
1 0.819375 0.226875 0.093750 0.066250
1 0.938125 0.350000 0.081250 0.107500
1 0.801875 0.026875 0.076250 0.051250
1 0.411875 0.350625 0.066250 0.051250
1 0.886250 0.866250 0.057500 0.090000
1 0.947500 0.107500 0.047500 0.112500
1 0.913750 0.263750 0.080000 0.050000
1 0.091875 0.876875 0.058750 0.043750
1 0.365625 0.774375 0.061250 0.066250
1 0.440000 0.818125 0.045000 0.051250
1 0.883750 0.756875 0.067500 0.061250
1 0.936875 0.452500 0.053750 0.075000
1 0.041875 0.640000 0.081250 0.067500
1 0.886250 0.513750 0.060000 0.060000
1 0.322500 0.956875 0.047500 0.046250
1 0.536875 0.418750 0.048750 0.040000
1 0.672500 0.053750 0.057500 0.067500
1 0.540000 0.580000 0.052500 0.047500
1 0.466875 0.108750 0.048750 0.092500
1 0.774375 0.695000 0.048750 0.072500
1 0.246250 0.168125 0.175000 0.088750
1 0.286875 0.332500 0.083750 0.065000
1 0.815625 0.668750 0.056250 0.062500
1 0.187500 0.115000 0.122500 0.127500
1 0.537500 0.071875 0.070000 0.141250
