0 0.440625 0.403750 0.146250 0.125000
0 0.412500 0.267500 0.110000 0.067500
0 0.298125 0.313125 0.086250 0.083750
1 0.468125 0.727500 0.108750 0.072500
1 0.835625 0.038125 0.088750 0.073750
1 0.919375 0.453125 0.138750 0.073750
1 0.972500 0.955000 0.052500 0.062500
1 0.652500 0.956250 0.077500 0.082500
1 0.791875 0.553125 0.081250 0.126250
1 0.970625 0.706875 0.058750 0.063750
1 0.951250 0.036875 0.097500 0.071250
1 0.692500 0.313750 0.060000 0.090000
1 0.870000 0.686875 0.132500 0.066250
1 0.445000 0.105625 0.075000 0.056250
1 0.798750 0.338750 0.087500 0.080000
1 0.886875 0.143750 0.123750 0.067500
1 0.466875 0.033750 0.063750 0.060000
1 0.543750 0.353125 0.050000 0.058750
1 0.979375 0.138750 0.041250 0.060000
1 0.847500 0.966250 0.125000 0.067500
1 0.857500 0.808125 0.070000 0.096250
1 0.682500 0.723750 0.067500 0.067500
