0 0.301875 0.149375 0.088750 0.088750
0 0.277500 0.445000 0.040000 0.030000
0 0.251875 0.678750 0.048750 0.047500
0 0.578125 0.241875 0.068750 0.043750
1 0.479375 0.287500 0.078750 0.070000
1 0.468750 0.865625 0.072500 0.051250
1 0.560000 0.562500 0.100000 0.080000
1 0.953750 0.426250 0.062500 0.037500
1 0.960000 0.807500 0.075000 0.077500
1 0.970625 0.605625 0.056250 0.041250
1 0.518750 0.441875 0.060000 0.056250
1 0.346250 0.486875 0.040000 0.041250
1 0.972500 0.952500 0.055000 0.057500
1 0.413750 0.142500 0.035000 0.070000
1 0.439375 0.971875 0.061250 0.053750
1 0.503125 0.838125 0.063750 0.043750
1 0.973125 0.510000 0.053750 0.037500
1 0.497500 0.588125 0.047500 0.061250
1 0.428750 0.673125 0.052500 0.066250
1 0.452500 0.760000 0.085000 0.057500
1 0.415000 0.375000 0.040000 0.077500
1 0.195000 0.969375 0.087500 0.058750
1 0.878750 0.057500 0.040000 0.060000
1 0.941875 0.667500 0.048750 0.047500
1 0.421875 0.463750 0.043750 0.037500
1 0.028750 0.310625 0.052500 0.056250
1 0.983750 0.543125 0.032500 0.036250
1 0.978125 0.270625 0.041250 0.051250
1 0.915000 0.986250 0.065000 0.027500
