0 0.879375 0.128750 0.241250 0.255000
0 0.100000 0.120625 0.197500 0.238750
0 0.616250 0.223750 0.170000 0.135000
0 0.444375 0.262500 0.128750 0.145000
1 0.583125 0.946875 0.068750 0.048750
1 0.273750 0.576250 0.067500 0.037500
1 0.091250 0.918750 0.052500 0.040000
1 0.019375 0.555000 0.036250 0.040000
1 0.151875 0.520625 0.083750 0.038750
1 0.274375 0.641875 0.068750 0.043750
1 0.940625 0.391250 0.056250 0.040000
1 0.767500 0.632500 0.050000 0.040000
1 0.423125 0.878125 0.061250 0.038750
1 0.830000 0.627500 0.052500 0.047500
1 0.594375 0.540000 0.046250 0.045000
1 0.622500 0.496875 0.060000 0.046250
1 0.607500 0.690625 0.047500 0.043750
1 0.738125 0.693750 0.053750 0.040000
1 0.377500 0.953750 0.047500 0.040000
1 0.068750 0.881875 0.047500 0.033750
1 0.423125 0.528750 0.081250 0.037500
1 0.025000 0.495000 0.047500 0.037500
1 0.949375 0.583125 0.041250 0.033750
1 0.730625 0.527500 0.048750 0.062500
1 0.153125 0.983125 0.058750 0.033750
1 0.073125 0.635000 0.076250 0.037500
1 0.842500 0.476875 0.040000 0.038750
1 0.971875 0.700000 0.048750 0.050000
1 0.108125 0.675000 0.078750 0.042500
1 0.380000 0.583750 0.055000 0.040000
1 0.392500 0.717500 0.050000 0.037500
1 0.531875 0.980625 0.058750 0.036250
1 0.022500 0.712500 0.042500 0.037500
1 0.526875 0.604375 0.046250 0.043750
1 0.806875 0.750625 0.048750 0.041250
1 0.901250 0.531250 0.050000 0.040000
1 0.200000 0.603125 0.050000 0.038750
1 0.066875 0.956875 0.068750 0.038750
1 0.016875 0.598750 0.031250 0.030000
1 0.550000 0.591875 0.042500 0.046250
1 0.734375 0.457500 0.051250 0.037500
1 0.912500 0.657500 0.042500 0.035000
1 0.933750 0.440625 0.045000 0.036250
1 0.945000 0.335625 0.050000 0.038750
1 0.908125 0.591875 0.036250 0.026250
1 0.737500 0.749375 0.042500 0.041250
1 0.150625 0.595625 0.061250 0.043750
1 0.489375 0.479375 0.048750 0.038750
1 0.246875 0.833125 0.053750 0.031250
1 0.811250 0.396250 0.045000 0.035000
1 0.716875 0.734375 0.056250 0.041250
1 0.445625 0.615625 0.046250 0.036250
1 0.872500 0.821875 0.035000 0.033750
