0 0.311250 0.374375 0.040000 0.038750
0 0.380625 0.378125 0.051250 0.056250
0 0.482500 0.311875 0.067500 0.071250
1 0.116875 0.794375 0.068750 0.068750
1 0.493125 0.564375 0.071250 0.101250
1 0.397500 0.220000 0.102500 0.057500
1 0.508750 0.794375 0.042500 0.063750
1 0.785000 0.374375 0.065000 0.058750
1 0.699375 0.476875 0.083750 0.066250
1 0.446875 0.733125 0.058750 0.041250
1 0.140000 0.721250 0.067500 0.050000
1 0.792500 0.860000 0.035000 0.075000
1 0.803750 0.585000 0.062500 0.052500
1 0.425000 0.893125 0.072500 0.066250
1 0.939375 0.554375 0.058750 0.106250
1 0.108750 0.500000 0.057500 0.065000
1 0.365000 0.524375 0.055000 0.076250
1 0.926875 0.818750 0.041250 0.065000
1 0.526875 0.117500 0.066250 0.055000
1 0.200625 0.733750 0.061250 0.047500
1 0.343750 0.134375 0.055000 0.081250
1 0.290625 0.685000 0.058750 0.070000
1 0.298125 0.451250 0.056250 0.037500
1 0.350000 0.771250 0.045000 0.042500
1 0.883125 0.739375 0.041250 0.051250
1 0.362500 0.896875 0.045000 0.078750
1 0.333125 0.815000 0.041250 0.037500
1 0.626875 0.358750 0.068750 0.050000
1 0.824375 0.248125 0.061250 0.053750
1 0.921875 0.405000 0.068750 0.045000
1 0.445000 0.692500 0.047500 0.040000
1 0.471250 0.511250 0.045000 0.040000
1 0.598125 0.630625 0.041250 0.043750
1 0.377500 0.376875 0.047500 0.056250
1 0.493125 0.318125 0.048750 0.058750
1 0.621875 0.273750 0.068750 0.057500
1 0.736250 0.717500 0.035000 0.037500
1 0.635625 0.430000 0.048750 0.042500
1 0.735000 0.233750 0.032500 0.077500
