0 0.045625 0.479375 0.043750 0.056250
0 0.739375 0.256250 0.048750 0.037500
0 0.394375 0.419375 0.048750 0.046250
1 0.647500 0.874375 0.090000 0.071250
1 0.895000 0.647500 0.085000 0.072500
1 0.876250 0.523125 0.072500 0.053750
1 0.822500 0.958125 0.100000 0.081250
1 0.830625 0.683125 0.068750 0.053750
1 0.883750 0.968750 0.080000 0.062500
1 0.655625 0.518125 0.076250 0.126250
1 0.401875 0.887500 0.071250 0.062500
1 0.926875 0.424375 0.068750 0.078750
1 0.259375 0.398750 0.086250 0.080000
1 0.649375 0.409375 0.053750 0.046250
1 0.702500 0.556875 0.075000 0.066250
1 0.350000 0.521875 0.067500 0.066250
1 0.765000 0.540625 0.075000 0.076250
1 0.261250 0.561250 0.085000 0.065000
1 0.590000 0.938125 0.075000 0.068750
1 0.538125 0.393125 0.088750 0.088750
1 0.345625 0.936875 0.073750 0.058750
1 0.848125 0.616875 0.071250 0.063750
1 0.750625 0.478125 0.153750 0.068750
1 0.025000 0.828750 0.047500 0.087500
1 0.163750 0.980625 0.067500 0.038750
1 0.760625 0.608125 0.058750 0.068750
1 0.397500 0.568125 0.072500 0.078750
1 0.966875 0.421250 0.066250 0.067500
1 0.604375 0.557500 0.046250 0.072500
1 0.625625 0.619375 0.068750 0.056250
1 0.700625 0.613125 0.068750 0.061250
1 0.784375 0.454375 0.068750 0.063750
1 0.688750 0.683750 0.092500 0.075000
