0 0.043750 0.611250 0.072500 0.075000
0 0.836875 0.654375 0.093750 0.093750
0 0.033125 0.751875 0.063750 0.156250
1 0.100625 0.254375 0.056250 0.078750
1 0.784375 0.196250 0.201250 0.080000
1 0.635000 0.306875 0.067500 0.123750
1 0.443125 0.425625 0.056250 0.156250
1 0.256250 0.325000 0.067500 0.055000
1 0.196250 0.859375 0.062500 0.071250
1 0.249375 0.878125 0.121250 0.063750
1 0.885000 0.295625 0.055000 0.166250
1 0.690000 0.828125 0.055000 0.073750
1 0.779375 0.555625 0.058750 0.071250
1 0.298750 0.775000 0.055000 0.145000
1 0.785625 0.458125 0.071250 0.056250
1 0.771250 0.663125 0.075000 0.083750
1 0.888750 0.154375 0.055000 0.108750
1 0.608125 0.535625 0.091250 0.056250
1 0.591250 0.452500 0.070000 0.067500
1 0.186875 0.058125 0.056250 0.076250
1 0.711875 0.644375 0.063750 0.101250
1 0.290625 0.086875 0.038750 0.033750
1 0.678125 0.398750 0.088750 0.102500
1 0.440625 0.202500 0.186250 0.182500
1 0.798125 0.266250 0.076250 0.082500
1 0.711250 0.306875 0.100000 0.136250
1 0.278750 0.957500 0.112500 0.085000
1 0.872500 0.946250 0.065000 0.105000
1 0.375000 0.513125 0.105000 0.081250
1 0.713125 0.094375 0.051250 0.041250
1 0.606250 0.495625 0.055000 0.066250
1 0.790625 0.200000 0.096250 0.072500
1 0.958750 0.373750 0.082500 0.085000
1 0.811250 0.333750 0.092500 0.090000
