0 0.110000 0.068125 0.075000 0.116250
0 0.331875 0.028125 0.146250 0.053750
0 0.583750 0.075625 0.067500 0.043750
1 0.615625 0.615625 0.068750 0.071250
1 0.955000 0.518750 0.087500 0.102500
1 0.870625 0.463125 0.088750 0.066250
1 0.788750 0.241250 0.070000 0.080000
1 0.953750 0.696875 0.092500 0.083750
1 0.823750 0.720000 0.105000 0.112500
1 0.696250 0.413750 0.115000 0.110000
1 0.796250 0.355000 0.070000 0.137500
1 0.905000 0.671250 0.067500 0.070000
1 0.966875 0.335000 0.058750 0.060000
1 0.813125 0.516875 0.051250 0.053750
1 0.960625 0.960000 0.071250 0.062500
1 0.916875 0.365625 0.066250 0.098750
1 0.687500 0.750000 0.072500 0.082500
1 0.748750 0.941875 0.080000 0.063750
1 0.891250 0.974375 0.072500 0.048750
1 0.716250 0.495000 0.100000 0.092500
1 0.615000 0.500000 0.102500 0.107500
1 0.799375 0.799375 0.073750 0.073750
1 0.935000 0.803750 0.077500 0.145000
1 0.667500 0.576875 0.037500 0.061250
1 0.838750 0.410625 0.090000 0.088750
1 0.711875 0.333750 0.076250 0.110000
1 0.850625 0.184375 0.076250 0.113750
