0 0.269375 0.203125 0.063750 0.078750
0 0.265000 0.789375 0.117500 0.118750
0 0.622500 0.593750 0.042500 0.040000
1 0.917500 0.158125 0.045000 0.068750
1 0.424375 0.441875 0.031250 0.053750
1 0.937500 0.708750 0.030000 0.047500
1 0.637500 0.781875 0.057500 0.036250
1 0.862500 0.230625 0.027500 0.068750
1 0.818750 0.329375 0.032500 0.036250
1 0.973125 0.953125 0.051250 0.041250
1 0.907500 0.977500 0.042500 0.040000
1 0.459375 0.966875 0.036250 0.048750
1 0.961875 0.017500 0.058750 0.032500
1 0.976875 0.898750 0.043750 0.065000
1 0.836250 0.420000 0.027500 0.035000
1 0.419375 0.894375 0.036250 0.056250
1 0.550000 0.622500 0.050000 0.032500
1 0.498125 0.684375 0.033750 0.033750
1 0.981250 0.285625 0.035000 0.036250
1 0.458750 0.013125 0.037500 0.023750
1 0.407500 0.631250 0.055000 0.037500
1 0.460625 0.665000 0.033750 0.032500
1 0.980625 0.470000 0.038750 0.052500
1 0.433750 0.377500 0.040000 0.060000
1 0.374375 0.226250 0.046250 0.075000
