0 0.215625 0.079375 0.043750 0.053750
0 0.091250 0.465625 0.055000 0.041250
0 0.299375 0.452500 0.043750 0.042500
1 0.446875 0.726875 0.116250 0.073750
1 0.966250 0.152500 0.067500 0.060000
1 0.145625 0.765000 0.078750 0.057500
1 0.340000 0.658125 0.060000 0.053750
1 0.467500 0.344375 0.077500 0.048750
1 0.823750 0.206875 0.080000 0.066250
1 0.402500 0.145625 0.060000 0.076250
1 0.531250 0.878125 0.140000 0.088750
1 0.027500 0.623750 0.052500 0.052500
1 0.533750 0.139375 0.070000 0.103750
1 0.190000 0.720000 0.067500 0.060000
1 0.594375 0.220000 0.103750 0.047500
1 0.397500 0.214375 0.070000 0.058750
1 0.718125 0.161875 0.063750 0.068750
1 0.173125 0.844375 0.053750 0.146250
1 0.119375 0.350625 0.081250 0.091250
1 0.433750 0.285000 0.087500 0.047500
1 0.206875 0.533750 0.063750 0.120000
1 0.970000 0.520625 0.060000 0.111250
1 0.595000 0.158750 0.085000 0.072500
1 0.555625 0.241250 0.126250 0.047500
1 0.281250 0.932500 0.065000 0.127500
1 0.541875 0.805625 0.083750 0.101250
1 0.785000 0.610625 0.062500 0.051250
1 0.302500 0.202500 0.065000 0.062500
1 0.640625 0.495000 0.093750 0.072500
1 0.086250 0.186875 0.075000 0.088750
1 0.878125 0.287500 0.078750 0.072500
1 0.888125 0.131875 0.078750 0.068750
1 0.849375 0.970000 0.081250 0.057500
1 0.187500 0.282500 0.055000 0.047500
1 0.651250 0.743750 0.107500 0.060000
1 0.265000 0.170625 0.042500 0.041250
1 0.959375 0.975625 0.071250 0.048750
1 0.680625 0.610000 0.093750 0.055000
1 0.573125 0.313750 0.076250 0.057500
1 0.704375 0.269375 0.071250 0.058750
1 0.571875 0.523125 0.078750 0.068750
1 0.650000 0.088125 0.122500 0.091250
1 0.760000 0.153125 0.082500 0.066250
1 0.768750 0.683750 0.145000 0.082500
1 0.328750 0.811250 0.077500 0.062500
1 0.531250 0.643750 0.052500 0.055000
1 0.303750 0.736250 0.070000 0.045000
1 0.291250 0.660000 0.045000 0.060000
1 0.049375 0.767500 0.096250 0.062500
1 0.105625 0.725000 0.068750 0.057500
1 0.415000 0.881250 0.125000 0.085000
1 0.043750 0.879375 0.080000 0.088750
1 0.836250 0.069375 0.090000 0.113750
1 0.115000 0.253750 0.100000 0.057500
1 0.641250 0.683125 0.115000 0.068750
1 0.576875 0.696875 0.083750 0.063750
