0 0.292500 0.457500 0.090000 0.085000
0 0.545625 0.407500 0.048750 0.060000
0 0.546875 0.275000 0.048750 0.077500
1 0.666875 0.276875 0.138750 0.101250
1 0.039375 0.444375 0.076250 0.101250
1 0.266250 0.933125 0.117500 0.131250
1 0.391875 0.804375 0.133750 0.103750
1 0.664375 0.793125 0.073750 0.091250
1 0.926875 0.815625 0.076250 0.193750
1 0.180625 0.106250 0.083750 0.082500
1 0.931250 0.254375 0.092500 0.131250
1 0.970000 0.595000 0.060000 0.082500
1 0.605000 0.086875 0.110000 0.086250
1 0.829375 0.916875 0.066250 0.061250
1 0.557500 0.788750 0.085000 0.092500
1 0.843750 0.521250 0.075000 0.077500
1 0.869375 0.069375 0.086250 0.078750
1 0.875000 0.613750 0.072500 0.082500
1 0.928125 0.026250 0.101250 0.050000
1 0.873125 0.141250 0.068750 0.090000
1 0.321875 0.880625 0.068750 0.071250
