0 0.070625 0.754375 0.128750 0.128750
0 0.443750 0.858750 0.115000 0.072500
0 0.898125 0.921250 0.118750 0.105000
1 0.028125 0.416875 0.053750 0.083750
1 0.752500 0.483750 0.062500 0.075000
1 0.537500 0.218750 0.112500 0.075000
1 0.632500 0.273750 0.092500 0.080000
1 0.605000 0.136250 0.092500 0.070000
1 0.117500 0.206250 0.107500 0.095000
1 0.636250 0.303750 0.115000 0.090000
1 0.635000 0.020000 0.097500 0.037500
1 0.036250 0.466875 0.070000 0.096250
1 0.666250 0.155000 0.065000 0.092500
1 0.933750 0.280000 0.052500 0.070000
1 0.500000 0.266250 0.072500 0.085000
1 0.569375 0.590000 0.113750 0.122500
1 0.376250 0.297500 0.122500 0.095000
1 0.440000 0.015000 0.092500 0.027500
1 0.926875 0.594375 0.113750 0.091250
1 0.050625 0.075625 0.078750 0.053750
1 0.438750 0.176250 0.085000 0.100000
1 0.988125 0.453750 0.023750 0.115000
1 0.342500 0.022500 0.087500 0.042500
1 0.051875 0.150000 0.101250 0.105000
1 0.093750 0.266250 0.105000 0.070000
1 0.645625 0.512500 0.081250 0.142500
1 0.110000 0.377500 0.112500 0.077500
1 0.163750 0.130000 0.070000 0.060000
1 0.085000 0.320000 0.087500 0.132500
1 0.205625 0.403125 0.086250 0.138750
1 0.029375 0.260000 0.056250 0.082500
1 0.113750 0.016250 0.082500 0.030000
1 0.476250 0.375000 0.140000 0.125000
1 0.563750 0.443750 0.080000 0.105000
1 0.688750 0.208750 0.060000 0.110000
