0 0.520625 0.225625 0.043750 0.031250
0 0.552500 0.153125 0.030000 0.041250
0 0.455625 0.736875 0.033750 0.043750
1 0.598125 0.145625 0.096250 0.183750
1 0.571875 0.029375 0.153750 0.056250
1 0.471875 0.803750 0.101250 0.110000
1 0.115000 0.770625 0.080000 0.126250
1 0.093750 0.946875 0.082500 0.103750
1 0.133125 0.526250 0.148750 0.065000
1 0.166875 0.225625 0.116250 0.061250
1 0.601875 0.772500 0.106250 0.095000
1 0.426250 0.425625 0.100000 0.071250
1 0.760625 0.664375 0.146250 0.081250
1 0.815000 0.475000 0.060000 0.080000
1 0.667500 0.944375 0.065000 0.076250
1 0.395625 0.631875 0.071250 0.081250
1 0.274375 0.155625 0.058750 0.063750
1 0.331875 0.029375 0.126250 0.056250
1 0.034375 0.948750 0.063750 0.100000
1 0.570000 0.900625 0.052500 0.143750
1 0.691250 0.847500 0.070000 0.107500
1 0.941250 0.816250 0.052500 0.087500
1 0.788750 0.603750 0.065000 0.082500
1 0.325625 0.368125 0.063750 0.061250
1 0.408750 0.133125 0.072500 0.056250
1 0.683750 0.425000 0.080000 0.085000
1 0.529375 0.403125 0.058750 0.071250
1 0.308125 0.618750 0.061250 0.065000
1 0.385000 0.711875 0.062500 0.068750
1 0.352500 0.180625 0.055000 0.073750
1 0.897500 0.429375 0.062500 0.051250
1 0.373125 0.793125 0.091250 0.076250
1 0.867500 0.705000 0.082500 0.057500
1 0.023750 0.876875 0.045000 0.048750
1 0.241250 0.038125 0.100000 0.053750
1 0.836250 0.973125 0.115000 0.051250
1 0.763750 0.948750 0.087500 0.102500
1 0.043750 0.400000 0.052500 0.062500
1 0.351875 0.953125 0.048750 0.061250
1 0.322500 0.085625 0.077500 0.058750
1 0.980625 0.058750 0.038750 0.057500
1 0.878125 0.374375 0.108750 0.061250
1 0.030000 0.525000 0.057500 0.057500
1 0.655625 0.538750 0.063750 0.080000
1 0.685000 0.591875 0.070000 0.093750
1 0.807500 0.158750 0.065000 0.042500
1 0.052500 0.194375 0.057500 0.051250
1 0.795625 0.405625 0.078750 0.088750
1 0.175625 0.483125 0.123750 0.056250
1 0.118750 0.863750 0.055000 0.045000
1 0.240625 0.080625 0.068750 0.048750
1 0.220000 0.338125 0.050000 0.093750
1 0.401875 0.954375 0.061250 0.073750
1 0.401875 0.229375 0.081250 0.093750
1 0.036250 0.131875 0.045000 0.051250
1 0.446875 0.933125 0.053750 0.111250
1 0.015625 0.216875 0.028750 0.071250
1 0.971875 0.821250 0.056250 0.117500
1 0.443125 0.353125 0.063750 0.066250
1 0.498750 0.278125 0.070000 0.048750
1 0.800000 0.123125 0.050000 0.046250
1 0.518750 0.221250 0.052500 0.045000
1 0.012500 0.085000 0.022500 0.072500
