0 0.843750 0.638125 0.047500 0.036250
0 0.733125 0.637500 0.043750 0.050000
0 0.139375 0.180625 0.078750 0.078750
1 0.275000 0.910625 0.102500 0.093750
1 0.294375 0.513125 0.081250 0.058750
1 0.582500 0.020000 0.065000 0.037500
1 0.376875 0.860625 0.056250 0.076250
1 0.439375 0.858125 0.073750 0.071250
1 0.271875 0.382500 0.093750 0.057500
1 0.963750 0.401250 0.070000 0.052500
1 0.223125 0.483750 0.086250 0.045000
1 0.245625 0.682500 0.068750 0.045000
1 0.384375 0.706250 0.073750 0.057500
1 0.349375 0.322500 0.096250 0.057500
1 0.377500 0.962500 0.085000 0.062500
1 0.405000 0.173125 0.062500 0.048750
1 0.261250 0.773750 0.057500 0.042500
1 0.182500 0.811250 0.077500 0.050000
1 0.413125 0.492500 0.056250 0.067500
1 0.470000 0.518750 0.045000 0.075000
1 0.433750 0.308125 0.070000 0.046250
1 0.325000 0.166250 0.060000 0.050000
1 0.399375 0.585000 0.051250 0.057500
1 0.259375 0.823750 0.076250 0.055000
1 0.403750 0.758750 0.077500 0.052500
1 0.940000 0.578125 0.055000 0.051250
1 0.298125 0.211250 0.071250 0.045000
1 0.461875 0.590000 0.046250 0.052500
1 0.497500 0.343750 0.045000 0.090000
1 0.351250 0.421250 0.070000 0.042500
1 0.241250 0.236875 0.080000 0.053750
1 0.982500 0.840625 0.032500 0.048750
1 0.401250 0.420000 0.042500 0.045000
1 0.355000 0.221875 0.055000 0.053750
1 0.908750 0.486875 0.047500 0.048750
1 0.966875 0.499375 0.051250 0.043750
1 0.383750 0.084375 0.065000 0.071250
1 0.961250 0.317500 0.052500 0.062500
1 0.458750 0.372500 0.060000 0.085000
1 0.477500 0.257500 0.062500 0.045000
1 0.984375 0.954375 0.028750 0.061250
1 0.788750 0.988125 0.140000 0.021250
1 0.196250 0.250000 0.072500 0.042500
1 0.981250 0.537500 0.035000 0.047500
1 0.256875 0.980625 0.061250 0.036250
1 0.988125 0.025625 0.023750 0.048750
1 0.985625 0.746250 0.026250 0.057500
1 0.350000 0.572500 0.052500 0.042500
