0 0.144375 0.196250 0.061250 0.072500
0 0.095625 0.205625 0.038750 0.053750
0 0.215000 0.237500 0.062500 0.075000
1 0.289375 0.675625 0.048750 0.068750
1 0.503125 0.085625 0.073750 0.093750
1 0.213125 0.734375 0.023750 0.028750
1 0.398125 0.678750 0.041250 0.040000
1 0.015000 0.333750 0.027500 0.050000
1 0.137500 0.659375 0.080000 0.048750
1 0.356875 0.858125 0.036250 0.031250
1 0.716250 0.551875 0.147500 0.073750
1 0.957500 0.896250 0.047500 0.072500
1 0.466875 0.321250 0.051250 0.075000
1 0.077500 0.340625 0.082500 0.083750
1 0.353750 0.712500 0.050000 0.047500
1 0.592500 0.406875 0.115000 0.038750
1 0.898125 0.367500 0.066250 0.037500
1 0.779375 0.826875 0.096250 0.058750
1 0.894375 0.682500 0.066250 0.065000
1 0.112500 0.441250 0.055000 0.042500
1 0.403750 0.351875 0.055000 0.048750
1 0.562500 0.778750 0.050000 0.042500
1 0.961250 0.267500 0.077500 0.045000
1 0.662500 0.286250 0.087500 0.050000
1 0.502500 0.257500 0.070000 0.042500
1 0.843125 0.803750 0.061250 0.030000
1 0.378750 0.378125 0.040000 0.033750
1 0.563750 0.208750 0.072500 0.060000
1 0.202500 0.160000 0.057500 0.077500
1 0.608125 0.858750 0.083750 0.060000
1 0.904375 0.318125 0.071250 0.031250
1 0.897500 0.346250 0.047500 0.030000
1 0.395000 0.144375 0.047500 0.108750
1 0.922500 0.235625 0.060000 0.063750
1 0.348750 0.808750 0.110000 0.077500
1 0.398125 0.741875 0.053750 0.046250
1 0.126875 0.611875 0.078750 0.063750
1 0.621250 0.913125 0.075000 0.038750
1 0.704375 0.331250 0.098750 0.065000
1 0.640625 0.483750 0.048750 0.045000
1 0.104375 0.733750 0.061250 0.047500
1 0.350625 0.250000 0.043750 0.065000
1 0.181250 0.319375 0.070000 0.051250
1 0.235000 0.018125 0.077500 0.033750
1 0.618750 0.369375 0.087500 0.063750
1 0.021875 0.603125 0.041250 0.073750
1 0.355000 0.555625 0.057500 0.058750
1 0.294375 0.562500 0.061250 0.070000
1 0.460000 0.449375 0.107500 0.056250
1 0.218125 0.326875 0.051250 0.031250
1 0.745000 0.770000 0.055000 0.057500
1 0.947500 0.708125 0.075000 0.051250
1 0.585000 0.451250 0.097500 0.052500
1 0.545625 0.984375 0.051250 0.031250
1 0.548750 0.645625 0.065000 0.051250
1 0.040000 0.784375 0.072500 0.063750
1 0.933125 0.810000 0.126250 0.057500
1 0.635625 0.166875 0.083750 0.076250
1 0.306250 0.515000 0.042500 0.047500
1 0.439375 0.591875 0.048750 0.091250
1 0.951250 0.977500 0.065000 0.045000
1 0.896250 0.945000 0.062500 0.077500
1 0.420000 0.258750 0.060000 0.060000
1 0.093750 0.570625 0.125000 0.036250
1 0.821250 0.938125 0.075000 0.061250
1 0.113750 0.905000 0.070000 0.085000
1 0.450000 0.264375 0.032500 0.048750
1 0.570625 0.243750 0.091250 0.065000
1 0.759375 0.481875 0.106250 0.036250
1 0.666875 0.470625 0.048750 0.058750
1 0.746875 0.842500 0.083750 0.052500
1 0.072500 0.046250 0.040000 0.085000
1 0.683125 0.835000 0.063750 0.050000
1 0.539375 0.740625 0.046250 0.061250
1 0.203750 0.839375 0.082500 0.061250
1 0.688125 0.640625 0.168750 0.086250
1 0.613750 0.720625 0.097500 0.051250
