0 0.638125 0.641875 0.038750 0.078750
0 0.597500 0.545625 0.045000 0.063750
0 0.627500 0.040625 0.087500 0.078750
1 0.397500 0.479375 0.040000 0.068750
1 0.320000 0.031250 0.052500 0.057500
1 0.316250 0.806875 0.080000 0.053750
1 0.906250 0.779375 0.050000 0.073750
1 0.037500 0.785000 0.072500 0.062500
1 0.450625 0.889375 0.068750 0.038750
1 0.140625 0.856250 0.063750 0.062500
1 0.036875 0.844375 0.071250 0.056250
1 0.866250 0.908125 0.062500 0.068750
1 0.933125 0.843750 0.058750 0.060000
1 0.423125 0.796250 0.043750 0.070000
1 0.390625 0.769375 0.056250 0.066250
1 0.033750 0.374375 0.065000 0.053750
1 0.556250 0.686250 0.082500 0.055000
1 0.966250 0.702500 0.067500 0.040000
1 0.362500 0.301250 0.060000 0.040000
1 0.979375 0.623125 0.041250 0.061250
1 0.945625 0.511250 0.063750 0.070000
1 0.970625 0.766250 0.058750 0.072500
1 0.871250 0.976875 0.047500 0.046250
1 0.408750 0.378125 0.080000 0.046250
1 0.860625 0.505000 0.053750 0.052500
1 0.440625 0.978750 0.043750 0.040000
1 0.879375 0.148125 0.041250 0.071250
1 0.934375 0.085000 0.086250 0.047500
1 0.927500 0.124375 0.070000 0.048750
1 0.960000 0.941875 0.065000 0.093750
1 0.328125 0.439375 0.151250 0.066250
1 0.840625 0.601875 0.053750 0.038750
1 0.110625 0.361250 0.071250 0.042500
1 0.428750 0.666250 0.070000 0.075000
1 0.086250 0.480000 0.062500 0.065000
1 0.835625 0.696875 0.043750 0.073750
1 0.912500 0.182500 0.037500 0.057500
1 0.832500 0.046875 0.045000 0.041250
1 0.414375 0.307500 0.056250 0.035000
1 0.066250 0.651875 0.052500 0.041250
1 0.851250 0.123750 0.042500 0.065000
1 0.447500 0.020625 0.055000 0.038750
1 0.468750 0.565000 0.042500 0.035000
1 0.532500 0.180625 0.062500 0.051250
1 0.486875 0.021250 0.041250 0.040000
1 0.901250 0.263125 0.045000 0.043750
1 0.385000 0.709375 0.110000 0.043750
1 0.270625 0.523750 0.088750 0.037500
1 0.032500 0.341875 0.062500 0.028750
1 0.546875 0.421250 0.041250 0.040000
1 0.933125 0.406250 0.033750 0.067500
1 0.371250 0.542500 0.060000 0.040000
1 0.420000 0.565000 0.042500 0.055000
1 0.475625 0.976875 0.036250 0.043750
1 0.038125 0.413125 0.073750 0.036250
1 0.432500 0.107500 0.045000 0.072500
1 0.808125 0.373750 0.048750 0.045000
1 0.470000 0.440000 0.047500 0.037500
1 0.871875 0.368125 0.046250 0.038750
1 0.089375 0.600625 0.036250 0.041250
1 0.927500 0.359375 0.082500 0.043750
1 0.438750 0.166250 0.035000 0.035000
1 0.840000 0.223125 0.037500 0.061250
1 0.036250 0.075000 0.070000 0.077500
1 0.896250 0.519375 0.030000 0.031250
1 0.875000 0.551875 0.040000 0.046250
1 0.293750 0.619375 0.080000 0.058750
1 0.313750 0.541250 0.062500 0.050000
1 0.018750 0.661875 0.035000 0.033750
1 0.521250 0.961250 0.040000 0.072500
1 0.960000 0.185625 0.067500 0.051250
1 0.911875 0.020000 0.038750 0.037500
1 0.125625 0.576250 0.043750 0.035000
1 0.418750 0.261250 0.080000 0.035000
1 0.781250 0.043750 0.045000 0.050000
1 0.578750 0.899375 0.035000 0.028750
1 0.908750 0.603125 0.050000 0.058750
1 0.265000 0.640000 0.132500 0.095000
1 0.122500 0.517500 0.047500 0.037500
1 0.379375 0.013750 0.058750 0.025000
1 0.481250 0.728125 0.037500 0.038750
1 0.468750 0.391250 0.032500 0.032500
1 0.043750 0.550625 0.085000 0.033750
1 0.458750 0.299375 0.032500 0.033750
1 0.014375 0.460625 0.026250 0.036250
1 0.014375 0.520625 0.026250 0.041250
1 0.151875 0.621875 0.066250 0.058750
1 0.360625 0.578750 0.066250 0.040000
1 0.012500 0.263125 0.022500 0.048750
1 0.973125 0.854375 0.051250 0.056250
1 0.534375 0.712500 0.033750 0.060000
1 0.042500 0.043125 0.057500 0.081250
1 0.914375 0.949375 0.036250 0.096250
1 0.981875 0.042500 0.036250 0.057500
1 0.484375 0.503125 0.038750 0.036250
1 0.344375 0.479375 0.058750 0.043750
1 0.026250 0.625625 0.050000 0.028750
1 0.440625 0.463125 0.033750 0.036250
1 0.463125 0.275000 0.063750 0.040000
