0 0.212500 0.921250 0.100000 0.092500
0 0.475625 0.045625 0.118750 0.088750
0 0.176250 0.082500 0.047500 0.055000
1 0.026875 0.866875 0.051250 0.061250
1 0.908125 0.090000 0.081250 0.035000
1 0.141875 0.026875 0.041250 0.051250
1 0.088125 0.726875 0.046250 0.053750
1 0.735000 0.933125 0.050000 0.068750
1 0.558750 0.018750 0.037500 0.035000
1 0.772500 0.562500 0.060000 0.035000
1 0.557500 0.571875 0.060000 0.046250
1 0.228125 0.093750 0.048750 0.047500
1 0.121250 0.410000 0.052500 0.047500
1 0.036875 0.027500 0.053750 0.052500
1 0.357500 0.481875 0.040000 0.053750
1 0.765000 0.650000 0.047500 0.050000
1 0.630000 0.501250 0.050000 0.052500
1 0.054375 0.563750 0.046250 0.045000
1 0.816875 0.380000 0.038750 0.065000
1 0.884375 0.656250 0.036250 0.050000
1 0.345000 0.761875 0.045000 0.061250
1 0.052500 0.656875 0.065000 0.041250
1 0.502500 0.805000 0.047500 0.047500
1 0.805625 0.522500 0.036250 0.057500
1 0.681875 0.702500 0.078750 0.047500
1 0.293125 0.661875 0.051250 0.051250
1 0.520625 0.071875 0.041250 0.043750
1 0.455000 0.576875 0.040000 0.038750
1 0.278750 0.440625 0.037500 0.051250
1 0.616250 0.360000 0.070000 0.090000
1 0.314375 0.703750 0.038750 0.042500
1 0.906875 0.733125 0.033750 0.046250
1 0.626250 0.103750 0.032500 0.040000
1 0.915625 0.740000 0.046250 0.062500
1 0.737500 0.174375 0.057500 0.051250
