0 0.054375 0.061875 0.106250 0.121250
0 0.487500 0.970000 0.095000 0.060000
1 0.838125 0.653125 0.093750 0.151250
1 0.800000 0.831875 0.087500 0.131250
1 0.928750 0.657500 0.072500 0.202500
1 0.732500 0.596250 0.062500 0.180000
1 0.916250 0.950625 0.072500 0.098750
1 0.958125 0.325000 0.081250 0.077500
1 0.683125 0.266875 0.121250 0.093750
1 0.696250 0.810625 0.102500 0.081250
1 0.332500 0.713750 0.047500 0.070000
1 0.785000 0.488125 0.050000 0.098750
1 0.075625 0.707500 0.101250 0.065000
1 0.425625 0.598125 0.091250 0.053750
1 0.590625 0.510625 0.098750 0.156250
1 0.668125 0.193750 0.111250 0.077500
1 0.296250 0.588750 0.047500 0.105000
1 0.697500 0.465000 0.145000 0.132500
1 0.840625 0.302500 0.048750 0.057500
1 0.281875 0.948750 0.048750 0.102500
1 0.162500 0.543125 0.095000 0.191250
1 0.979375 0.161875 0.041250 0.101250
1 0.640000 0.633750 0.120000 0.065000
1 0.131250 0.833750 0.040000 0.072500
1 0.411250 0.734375 0.110000 0.071250
1 0.326250 0.354375 0.047500 0.058750
1 0.684375 0.048125 0.068750 0.093750
1 0.646250 0.376250 0.085000 0.072500
1 0.142500 0.899375 0.050000 0.066250
1 0.051875 0.373750 0.063750 0.055000
1 0.123125 0.325625 0.053750 0.063750
1 0.309375 0.101875 0.056250 0.058750
1 0.140625 0.972500 0.063750 0.052500
1 0.023750 0.511875 0.045000 0.066250
1 0.863125 0.503125 0.086250 0.053750
1 0.215625 0.355000 0.051250 0.072500
1 0.376875 0.223750 0.051250 0.057500
1 0.786875 0.288125 0.043750 0.063750
1 0.171875 0.584375 0.068750 0.108750
1 0.025000 0.584375 0.047500 0.081250
1 0.044375 0.897500 0.086250 0.115000
1 0.354375 0.948750 0.053750 0.102500
1 0.985000 0.959375 0.030000 0.081250
