0 0.430000 0.655625 0.107500 0.103750
0 0.720625 0.271875 0.048750 0.068750
0 0.088125 0.134375 0.043750 0.056250
0 0.219375 0.755625 0.048750 0.068750
1 0.671250 0.876250 0.130000 0.130000
1 0.521250 0.945625 0.087500 0.106250
1 0.204375 0.291875 0.088750 0.076250
1 0.839375 0.812500 0.071250 0.082500
1 0.261875 0.721875 0.058750 0.183750
1 0.414375 0.378125 0.068750 0.053750
1 0.025000 0.434375 0.047500 0.081250
1 0.843125 0.681250 0.063750 0.060000
1 0.023125 0.666250 0.043750 0.062500
1 0.390625 0.240625 0.088750 0.053750
1 0.456875 0.549375 0.108750 0.063750
1 0.267500 0.245000 0.117500 0.050000
1 0.983125 0.056250 0.033750 0.040000
1 0.698125 0.721875 0.033750 0.078750
1 0.015625 0.092500 0.028750 0.100000
1 0.608125 0.518750 0.048750 0.065000
1 0.039375 0.324375 0.066250 0.053750
1 0.101250 0.676250 0.047500 0.047500
1 0.898125 0.716250 0.063750 0.082500
1 0.325000 0.361875 0.060000 0.076250
1 0.408125 0.015000 0.053750 0.027500
1 0.352500 0.016250 0.057500 0.030000
1 0.577500 0.605000 0.032500 0.070000
1 0.515625 0.387500 0.043750 0.045000
1 0.512500 0.189375 0.052500 0.031250
1 0.946250 0.763125 0.070000 0.058750
1 0.711875 0.920000 0.043750 0.027500
1 0.648125 0.485000 0.046250 0.052500
1 0.019375 0.940625 0.036250 0.073750
1 0.490625 0.330625 0.041250 0.038750
1 0.985000 0.345000 0.030000 0.052500
1 0.663750 0.427500 0.047500 0.035000
1 0.908750 0.822500 0.052500 0.052500
1 0.937500 0.871250 0.052500 0.057500
1 0.989375 0.161250 0.021250 0.075000
