0 0.133750 0.106250 0.055000 0.052500
0 0.158750 0.145000 0.112500 0.087500
0 0.245625 0.110000 0.056250 0.067500
0 0.163125 0.181875 0.198750 0.238750
1 0.558750 0.180625 0.132500 0.121250
1 0.720000 0.775625 0.140000 0.073750
1 0.580625 0.336875 0.146250 0.048750
1 0.828750 0.640000 0.222500 0.147500
1 0.948750 0.964375 0.102500 0.068750
1 0.401875 0.235000 0.056250 0.067500
1 0.565625 0.521250 0.178750 0.065000
1 0.929375 0.176875 0.133750 0.063750
1 0.538125 0.949375 0.121250 0.053750
1 0.557500 0.895625 0.187500 0.116250
1 0.329375 0.373750 0.081250 0.082500
1 0.391875 0.776250 0.063750 0.085000
1 0.835000 0.730625 0.110000 0.091250
1 0.804375 0.866250 0.126250 0.097500
1 0.930000 0.636250 0.140000 0.082500
1 0.906875 0.435000 0.136250 0.042500
1 0.888750 0.338750 0.155000 0.052500
