0 0.708125 0.633125 0.088750 0.078750
0 0.943750 0.918125 0.112500 0.086250
0 0.616250 0.324375 0.027500 0.053750
1 0.018125 0.866875 0.033750 0.066250
1 0.940625 0.100000 0.051250 0.050000
1 0.151250 0.590000 0.060000 0.050000
1 0.051250 0.851875 0.077500 0.083750
1 0.690625 0.191250 0.108750 0.075000
1 0.038125 0.740000 0.073750 0.055000
1 0.110000 0.337500 0.097500 0.100000
1 0.285000 0.750000 0.052500 0.062500
1 0.738125 0.023125 0.058750 0.043750
1 0.848750 0.057500 0.037500 0.035000
1 0.029375 0.163750 0.043750 0.047500
1 0.803125 0.146875 0.043750 0.038750
1 0.804375 0.098750 0.051250 0.047500
1 0.202500 0.606875 0.040000 0.041250
1 0.218125 0.676250 0.056250 0.070000
1 0.987500 0.061250 0.025000 0.045000
1 0.043750 0.595000 0.082500 0.050000
1 0.048125 0.466875 0.093750 0.106250
1 0.887500 0.033125 0.042500 0.056250
1 0.735625 0.150625 0.073750 0.076250
1 0.055625 0.933750 0.108750 0.065000
1 0.709375 0.798750 0.116250 0.065000
1 0.745625 0.080000 0.043750 0.045000
1 0.110625 0.665625 0.061250 0.046250
1 0.105000 0.963750 0.062500 0.037500
