0 0.158125 0.120000 0.058750 0.060000
0 0.166250 0.301250 0.047500 0.045000
0 0.153750 0.027500 0.075000 0.052500
0 0.305000 0.170625 0.060000 0.046250
1 0.985625 0.437500 0.028750 0.077500
1 0.976875 0.331250 0.046250 0.050000
1 0.521250 0.151875 0.047500 0.033750
1 0.863750 0.470000 0.135000 0.062500
1 0.816250 0.933750 0.085000 0.085000
1 0.890000 0.408125 0.117500 0.066250
1 0.777500 0.067500 0.092500 0.072500
1 0.802500 0.375000 0.070000 0.072500
1 0.866250 0.258750 0.080000 0.060000
1 0.953125 0.068125 0.091250 0.063750
1 0.888750 0.347500 0.085000 0.082500
1 0.933750 0.263750 0.080000 0.070000
1 0.786875 0.986250 0.068750 0.027500
1 0.651250 0.090000 0.062500 0.030000
1 0.958125 0.020000 0.083750 0.037500
1 0.872500 0.588750 0.067500 0.080000
1 0.781250 0.615000 0.075000 0.107500
1 0.983125 0.288125 0.033750 0.056250
1 0.873750 0.686250 0.075000 0.105000
1 0.845000 0.202500 0.102500 0.082500
