0 0.748125 0.078750 0.063750 0.062500
0 0.710000 0.106875 0.047500 0.041250
0 0.206875 0.687500 0.061250 0.070000
1 0.330000 0.967500 0.072500 0.062500
1 0.522500 0.847500 0.067500 0.067500
1 0.493750 0.467500 0.087500 0.057500
1 0.891875 0.964375 0.083750 0.068750
1 0.058750 0.523125 0.062500 0.061250
1 0.102500 0.356250 0.065000 0.070000
1 0.970000 0.431250 0.060000 0.060000
1 0.591875 0.123750 0.048750 0.092500
1 0.080000 0.976875 0.055000 0.043750
1 0.156875 0.903125 0.053750 0.051250
1 0.360000 0.076875 0.042500 0.098750
1 0.357500 0.211875 0.052500 0.088750
1 0.491875 0.228125 0.038750 0.091250
1 0.777500 0.269375 0.097500 0.073750
1 0.068125 0.262500 0.053750 0.055000
1 0.655625 0.780000 0.038750 0.085000
1 0.703750 0.820000 0.065000 0.050000
1 0.264375 0.912500 0.063750 0.065000
