0 0.408125 0.709375 0.098750 0.068750
0 0.272500 0.812500 0.130000 0.092500
1 0.088125 0.078750 0.073750 0.060000
1 0.125000 0.245000 0.060000 0.062500
1 0.358750 0.412500 0.100000 0.075000
1 0.972500 0.253750 0.052500 0.050000
1 0.860000 0.538750 0.070000 0.057500
1 0.038125 0.195000 0.073750 0.067500
1 0.129375 0.296250 0.051250 0.050000
1 0.110625 0.752500 0.056250 0.057500
1 0.979375 0.166250 0.041250 0.062500
1 0.974375 0.608125 0.051250 0.071250
1 0.169375 0.100625 0.071250 0.056250
1 0.311250 0.704375 0.092500 0.053750
1 0.911875 0.753125 0.083750 0.068750
1 0.572500 0.540625 0.097500 0.046250
1 0.050000 0.135000 0.077500 0.057500
1 0.155000 0.943750 0.100000 0.112500
1 0.793750 0.426875 0.075000 0.066250
1 0.822500 0.239375 0.082500 0.056250
1 0.980000 0.326875 0.040000 0.051250
1 0.275000 0.063750 0.137500 0.057500
1 0.260000 0.401875 0.082500 0.078750
1 0.978125 0.860000 0.043750 0.092500
1 0.980625 0.576250 0.038750 0.060000
1 0.080625 0.655000 0.108750 0.092500
1 0.435625 0.323750 0.128750 0.070000
1 0.913125 0.055000 0.106250 0.055000
1 0.253125 0.018125 0.081250 0.033750
1 0.118750 0.812500 0.072500 0.080000
1 0.500000 0.520625 0.117500 0.073750
1 0.963750 0.793125 0.072500 0.096250
1 0.066250 0.971875 0.057500 0.053750
1 0.180000 0.157500 0.092500 0.070000
1 0.263125 0.603750 0.088750 0.077500
1 0.941875 0.030625 0.108750 0.043750
1 0.969375 0.513125 0.061250 0.048750
1 0.141250 0.686250 0.075000 0.075000
1 0.196875 0.503125 0.068750 0.073750
1 0.380000 0.291250 0.107500 0.075000
