0 0.417500 0.716875 0.137500 0.133750
0 0.746875 0.197500 0.138750 0.137500
0 0.352500 0.088125 0.055000 0.068750
1 0.511250 0.940625 0.100000 0.113750
1 0.033125 0.069375 0.063750 0.041250
1 0.417500 0.299375 0.082500 0.048750
1 0.942500 0.085625 0.072500 0.071250
1 0.285000 0.215625 0.102500 0.048750
1 0.423750 0.205625 0.070000 0.051250
1 0.449375 0.718125 0.053750 0.058750
1 0.445000 0.122500 0.107500 0.057500
1 0.485000 0.489375 0.040000 0.048750
1 0.570000 0.205625 0.057500 0.056250
1 0.496250 0.613125 0.047500 0.041250
1 0.526875 0.475625 0.051250 0.043750
1 0.550625 0.969375 0.053750 0.061250
1 0.030625 0.280625 0.058750 0.041250
1 0.417500 0.693750 0.045000 0.050000
1 0.984375 0.741250 0.031250 0.140000
1 0.983750 0.452500 0.030000 0.120000
1 0.552500 0.025625 0.047500 0.048750
1 0.377500 0.717500 0.045000 0.040000
1 0.598750 0.401250 0.042500 0.052500
1 0.026875 0.252500 0.051250 0.035000
1 0.981250 0.178750 0.035000 0.057500
1 0.598750 0.908750 0.037500 0.062500
1 0.971875 0.926250 0.056250 0.075000
1 0.536250 0.535625 0.042500 0.043750
1 0.115625 0.425625 0.048750 0.041250
1 0.979375 0.288125 0.041250 0.051250
1 0.935625 0.235625 0.046250 0.061250
1 0.521875 0.879375 0.068750 0.078750
1 0.456875 0.179375 0.058750 0.033750
1 0.938750 0.759375 0.055000 0.061250
1 0.499375 0.172500 0.048750 0.045000
1 0.947500 0.330000 0.055000 0.045000
1 0.518750 0.576250 0.050000 0.055000
