0 0.333750 0.480000 0.032500 0.042500
0 0.303125 0.500000 0.028750 0.060000
0 0.178750 0.471250 0.045000 0.070000
0 0.291250 0.433125 0.032500 0.028750
1 0.715000 0.075000 0.177500 0.137500
1 0.694375 0.278750 0.181250 0.130000
1 0.900000 0.771875 0.200000 0.111250
1 0.835000 0.220625 0.155000 0.076250
1 0.570000 0.029375 0.112500 0.056250
1 0.700625 0.518750 0.176250 0.090000
1 0.432500 0.781250 0.285000 0.090000
1 0.916250 0.300625 0.167500 0.103750
1 0.454375 0.951875 0.273750 0.081250
1 0.864375 0.966250 0.218750 0.067500
1 0.785000 0.628125 0.207500 0.081250
1 0.573125 0.569375 0.248750 0.076250
1 0.676250 0.761875 0.200000 0.073750
1 0.922500 0.836250 0.150000 0.062500
1 0.493750 0.733750 0.140000 0.057500
1 0.620625 0.659375 0.161250 0.053750
0 0.355000 0.376875 0.055000 0.053750
0 0.281875 0.395625 0.033750 0.026250
0 0.918125 0.411875 0.076250 0.086250
