0 0.380625 0.323750 0.071250 0.072500
0 0.446875 0.341250 0.083750 0.082500
0 0.301250 0.203125 0.065000 0.091250
0 0.376875 0.127500 0.083750 0.092500
1 0.710000 0.869375 0.102500 0.063750
1 0.471250 0.785625 0.077500 0.056250
1 0.804375 0.640000 0.076250 0.062500
1 0.045000 0.766250 0.087500 0.072500
1 0.184375 0.555625 0.078750 0.076250
1 0.447500 0.499375 0.095000 0.063750
1 0.659375 0.716250 0.088750 0.070000
1 0.381250 0.898125 0.075000 0.063750
1 0.536250 0.913125 0.080000 0.041250
1 0.490000 0.968125 0.062500 0.063750
1 0.553125 0.610625 0.101250 0.068750
1 0.472500 0.848750 0.070000 0.072500
1 0.742500 0.476875 0.095000 0.086250
1 0.061250 0.021875 0.087500 0.041250
1 0.256250 0.385000 0.087500 0.075000
1 0.768750 0.291250 0.120000 0.080000
1 0.073750 0.977500 0.067500 0.045000
1 0.772500 0.390625 0.097500 0.068750
1 0.115625 0.146875 0.096250 0.123750
1 0.716250 0.174375 0.092500 0.088750
1 0.965000 0.896250 0.070000 0.072500
1 0.566250 0.713750 0.097500 0.062500
1 0.963125 0.367500 0.073750 0.080000
1 0.357500 0.675625 0.070000 0.058750
1 0.722500 0.628750 0.065000 0.055000
1 0.591250 0.890000 0.085000 0.055000
1 0.714375 0.970625 0.106250 0.058750
1 0.869375 0.473750 0.078750 0.075000
1 0.695625 0.534375 0.063750 0.083750
1 0.841250 0.769375 0.085000 0.066250
1 0.753125 0.362500 0.076250 0.067500
1 0.826250 0.810000 0.087500 0.050000
1 0.611875 0.966250 0.076250 0.067500
1 0.164375 0.748750 0.088750 0.070000
1 0.195625 0.893125 0.071250 0.058750
1 0.337500 0.557500 0.105000 0.092500
1 0.081875 0.753125 0.061250 0.043750
1 0.908125 0.254375 0.088750 0.071250
1 0.734375 0.667500 0.056250 0.042500
1 0.308750 0.386250 0.042500 0.065000
1 0.218750 0.968750 0.062500 0.062500
1 0.776250 0.222500 0.072500 0.062500
1 0.340625 0.865000 0.083750 0.070000
1 0.020625 0.155000 0.038750 0.077500
1 0.648125 0.421250 0.096250 0.102500
1 0.630625 0.213125 0.086250 0.063750
1 0.055625 0.678125 0.071250 0.063750
1 0.470000 0.723125 0.067500 0.053750
1 0.931250 0.531875 0.082500 0.088750
