0 0.240000 0.263125 0.075000 0.076250
0 0.536250 0.194375 0.057500 0.046250
0 0.891250 0.938125 0.060000 0.058750
1 0.188125 0.380625 0.166250 0.151250
1 0.803125 0.150000 0.153750 0.112500
1 0.383125 0.458750 0.126250 0.175000
1 0.869375 0.658125 0.093750 0.081250
1 0.780000 0.957500 0.100000 0.085000
1 0.136250 0.153750 0.090000 0.157500
1 0.807500 0.827500 0.075000 0.072500
1 0.595625 0.133125 0.123750 0.158750
1 0.717500 0.676250 0.062500 0.070000
1 0.156250 0.838750 0.050000 0.122500
1 0.335000 0.188750 0.090000 0.132500
1 0.808125 0.297500 0.093750 0.147500
