0 0.370000 0.234375 0.155000 0.153750
0 0.387500 0.469375 0.097500 0.088750
0 0.747500 0.204375 0.072500 0.068750
1 0.432500 0.769375 0.077500 0.096250
1 0.671250 0.553750 0.052500 0.047500
1 0.038125 0.210625 0.061250 0.088750
1 0.442500 0.553750 0.067500 0.042500
1 0.592500 0.746875 0.052500 0.073750
1 0.526250 0.122500 0.062500 0.132500
1 0.020000 0.683750 0.037500 0.085000
1 0.059375 0.105625 0.056250 0.066250
1 0.383125 0.645000 0.133750 0.092500
1 0.076250 0.018750 0.045000 0.035000
1 0.616875 0.079375 0.038750 0.071250
1 0.504375 0.727500 0.048750 0.052500
1 0.551875 0.331875 0.048750 0.073750
1 0.604375 0.671250 0.041250 0.062500
1 0.466875 0.110625 0.081250 0.048750
1 0.647500 0.091875 0.040000 0.056250
1 0.959375 0.248750 0.078750 0.050000
1 0.014375 0.056875 0.026250 0.058750
1 0.480625 0.300000 0.048750 0.045000
1 0.050625 0.355000 0.071250 0.040000
1 0.551875 0.750000 0.033750 0.050000
1 0.543125 0.623125 0.071250 0.053750
1 0.631250 0.305625 0.052500 0.041250
1 0.617500 0.158125 0.045000 0.053750
1 0.568750 0.561875 0.045000 0.051250
1 0.448125 0.961875 0.051250 0.073750
1 0.501250 0.550000 0.042500 0.037500
1 0.870000 0.895625 0.082500 0.136250
1 0.571875 0.467500 0.046250 0.052500
1 0.018125 0.328750 0.033750 0.047500
1 0.066250 0.297500 0.045000 0.060000
1 0.045000 0.390000 0.060000 0.040000
1 0.969375 0.378125 0.046250 0.038750
1 0.851875 0.340000 0.051250 0.042500
1 0.615000 0.016250 0.055000 0.030000
1 0.023125 0.262500 0.043750 0.080000
1 0.573125 0.029375 0.046250 0.056250
1 0.120000 0.007500 0.045000 0.012500
1 0.546250 0.058125 0.035000 0.056250
