0 0.325625 0.174375 0.056250 0.053750
0 0.297500 0.383125 0.060000 0.058750
0 0.728125 0.483750 0.073750 0.052500
1 0.652500 0.521250 0.062500 0.062500
1 0.390000 0.510000 0.080000 0.052500
1 0.566250 0.611875 0.065000 0.158750
1 0.566875 0.204375 0.051250 0.071250
1 0.030000 0.501250 0.057500 0.105000
1 0.520000 0.380625 0.072500 0.063750
1 0.633125 0.232500 0.083750 0.105000
1 0.501875 0.476250 0.043750 0.082500
1 0.574375 0.316875 0.063750 0.048750
1 0.518125 0.826875 0.053750 0.106250
1 0.510000 0.209375 0.055000 0.136250
1 0.463750 0.151250 0.045000 0.062500
1 0.588125 0.853125 0.056250 0.048750
1 0.551875 0.881875 0.058750 0.096250
1 0.390625 0.872500 0.061250 0.127500
1 0.456875 0.860625 0.058750 0.083750
1 0.591875 0.730000 0.058750 0.052500
1 0.459375 0.728750 0.041250 0.047500
1 0.567500 0.144375 0.052500 0.043750
1 0.561250 0.798750 0.040000 0.045000
1 0.424375 0.780000 0.053750 0.067500
1 0.535625 0.748750 0.051250 0.057500
1 0.983750 0.491875 0.032500 0.033750
