0 0.933125 0.030000 0.128750 0.057500
0 0.333125 0.188125 0.048750 0.036250
0 0.623750 0.280000 0.055000 0.055000
1 0.894375 0.514375 0.066250 0.083750
1 0.318750 0.383125 0.077500 0.071250
1 0.300625 0.778125 0.071250 0.066250
1 0.043750 0.871250 0.085000 0.060000
1 0.410000 0.813125 0.070000 0.061250
1 0.288125 0.035000 0.083750 0.067500
1 0.680000 0.969375 0.072500 0.061250
1 0.463750 0.888750 0.050000 0.065000
1 0.817500 0.841250 0.065000 0.072500
1 0.368125 0.289375 0.071250 0.086250
1 0.899375 0.825000 0.073750 0.060000
1 0.902500 0.606875 0.070000 0.108750
1 0.433750 0.621875 0.052500 0.063750
1 0.625625 0.371250 0.056250 0.067500
1 0.649375 0.630625 0.103750 0.083750
1 0.504375 0.552500 0.051250 0.075000
1 0.764375 0.090625 0.071250 0.086250
1 0.121250 0.447500 0.060000 0.092500
1 0.111875 0.718750 0.061250 0.055000
1 0.828750 0.970000 0.055000 0.055000
1 0.703125 0.213750 0.076250 0.062500
1 0.691875 0.808125 0.066250 0.053750
1 0.526875 0.258750 0.066250 0.122500
1 0.971875 0.585625 0.056250 0.118750
1 0.711250 0.703125 0.172500 0.078750
1 0.377500 0.755625 0.052500 0.053750
1 0.367500 0.073750 0.060000 0.140000
1 0.716875 0.140625 0.063750 0.081250
1 0.036250 0.428125 0.045000 0.066250
1 0.791250 0.739375 0.135000 0.066250
1 0.652500 0.461875 0.060000 0.056250
1 0.084375 0.776250 0.063750 0.072500
1 0.671875 0.251250 0.053750 0.062500
1 0.109375 0.195625 0.053750 0.063750
1 0.848750 0.126875 0.062500 0.091250
1 0.453125 0.039375 0.066250 0.076250
1 0.037500 0.981250 0.072500 0.037500
1 0.169375 0.556250 0.053750 0.062500
1 0.151875 0.891250 0.051250 0.092500
1 0.569375 0.413125 0.048750 0.081250
1 0.695000 0.396250 0.047500 0.065000
1 0.816250 0.171250 0.075000 0.085000
1 0.425000 0.079375 0.062500 0.126250
1 0.563125 0.588125 0.051250 0.066250
1 0.640000 0.530000 0.055000 0.092500
1 0.850000 0.020625 0.060000 0.038750
1 0.534375 0.160000 0.053750 0.072500
1 0.214375 0.240625 0.048750 0.061250
1 0.804375 0.343125 0.056250 0.066250
1 0.030625 0.820625 0.058750 0.056250
1 0.519375 0.448750 0.078750 0.052500
1 0.026250 0.745625 0.050000 0.083750
1 0.031875 0.023125 0.058750 0.043750
1 0.514375 0.490625 0.058750 0.053750
1 0.107500 0.831250 0.050000 0.055000
1 0.723125 0.016875 0.073750 0.031250
1 0.406875 0.966250 0.068750 0.067500
1 0.013125 0.465000 0.023750 0.065000
1 0.855625 0.283750 0.061250 0.075000
0 0.357500 0.661250 0.055000 0.040000
