0 0.741875 0.553125 0.066250 0.063750
0 0.100625 0.725625 0.128750 0.128750
0 0.909375 0.221250 0.181250 0.195000
0 0.378125 0.798125 0.091250 0.093750
0 0.750000 0.641250 0.132500 0.090000
0 0.055000 0.180625 0.107500 0.101250
0 0.495625 0.224375 0.138750 0.126250
0 0.390000 0.652500 0.215000 0.135000
1 0.167500 0.398125 0.055000 0.043750
1 0.723750 0.400000 0.050000 0.042500
1 0.531250 0.328750 0.047500 0.040000
1 0.418750 0.434375 0.047500 0.046250
1 0.910000 0.439375 0.045000 0.046250
1 0.092500 0.488750 0.062500 0.045000
1 0.335000 0.983750 0.055000 0.030000
1 0.505000 0.471875 0.037500 0.053750
1 0.888125 0.968750 0.033750 0.035000
1 0.820000 0.470000 0.037500 0.067500
1 0.596250 0.384375 0.050000 0.038750
