0 0.379375 0.341875 0.053750 0.043750
0 0.033750 0.248750 0.047500 0.042500
0 0.435625 0.221875 0.056250 0.056250
0 0.526250 0.339375 0.030000 0.031250
1 0.695000 0.806875 0.072500 0.061250
1 0.418125 0.609375 0.086250 0.051250
1 0.615000 0.233750 0.067500 0.057500
1 0.744375 0.737500 0.051250 0.042500
1 0.313125 0.792500 0.041250 0.045000
1 0.485625 0.697500 0.043750 0.047500
1 0.413750 0.780625 0.040000 0.043750
1 0.954375 0.571250 0.043750 0.065000
1 0.185000 0.056250 0.067500 0.050000
1 0.036250 0.706875 0.045000 0.038750
1 0.033125 0.639375 0.033750 0.038750
1 0.287500 0.645000 0.052500 0.042500
1 0.613125 0.031250 0.043750 0.037500
1 0.723750 0.635625 0.040000 0.048750
1 0.094375 0.095000 0.061250 0.050000
1 0.408125 0.041875 0.046250 0.038750
1 0.027500 0.016250 0.052500 0.030000
1 0.228125 0.754375 0.041250 0.041250
1 0.825000 0.648750 0.042500 0.040000
1 0.813125 0.058750 0.056250 0.050000
1 0.218750 0.076250 0.037500 0.047500
1 0.257500 0.111875 0.042500 0.036250
