0 0.612500 0.375625 0.057500 0.033750
0 0.614375 0.424375 0.048750 0.041250
0 0.813125 0.438750 0.036250 0.027500
0 0.666250 0.331875 0.042500 0.028750
1 0.691875 0.109375 0.171250 0.061250
1 0.602500 0.026875 0.115000 0.053750
1 0.945625 0.936250 0.093750 0.055000
1 0.392500 0.871875 0.137500 0.071250
1 0.481250 0.198125 0.145000 0.051250
1 0.962500 0.126875 0.075000 0.046250
1 0.396250 0.430625 0.055000 0.143750
1 0.893125 0.828750 0.101250 0.050000
1 0.714375 0.734375 0.078750 0.066250
1 0.856875 0.622500 0.061250 0.047500
1 0.597500 0.930625 0.087500 0.053750
1 0.438125 0.965000 0.078750 0.057500
1 0.386250 0.797500 0.162500 0.065000
1 0.472500 0.238125 0.142500 0.048750
1 0.200625 0.811250 0.068750 0.112500
1 0.916875 0.903125 0.071250 0.036250
1 0.189375 0.881875 0.231250 0.091250
1 0.681250 0.855000 0.070000 0.050000
1 0.048125 0.967500 0.096250 0.057500
1 0.023125 0.703125 0.046250 0.061250
1 0.440000 0.821250 0.092500 0.052500
1 0.113750 0.971875 0.147500 0.053750
1 0.181250 0.978750 0.112500 0.040000
