0 0.101875 0.543750 0.051250 0.050000
0 0.448750 0.587500 0.092500 0.082500
0 0.976250 0.550625 0.047500 0.071250
1 0.595000 0.896875 0.045000 0.076250
1 0.635625 0.895625 0.041250 0.063750
1 0.651250 0.822500 0.040000 0.055000
1 0.336875 0.223750 0.081250 0.045000
1 0.826875 0.898750 0.041250 0.075000
1 0.266250 0.963750 0.060000 0.045000
1 0.019375 0.966875 0.036250 0.063750
1 0.657500 0.292500 0.040000 0.062500
1 0.214375 0.950625 0.081250 0.056250
1 0.265000 0.193750 0.062500 0.042500
1 0.931250 0.157500 0.047500 0.057500
1 0.495000 0.899375 0.045000 0.046250
1 0.140000 0.220000 0.052500 0.052500
1 0.436875 0.791875 0.043750 0.038750
1 0.983750 0.105000 0.032500 0.052500
1 0.912500 0.781875 0.052500 0.096250
1 0.565000 0.033125 0.037500 0.036250
1 0.620000 0.291250 0.045000 0.040000
1 0.910625 0.976250 0.038750 0.045000
1 0.325000 0.270625 0.062500 0.046250
1 0.874375 0.243125 0.033750 0.043750
1 0.654375 0.230000 0.046250 0.037500
1 0.051250 0.976250 0.045000 0.045000
1 0.440625 0.590000 0.056250 0.062500
1 0.816250 0.962500 0.037500 0.040000
1 0.168125 0.931875 0.078750 0.071250
1 0.797500 0.165000 0.035000 0.037500
1 0.213125 0.981250 0.041250 0.035000
1 0.754375 0.766250 0.046250 0.067500
1 0.765000 0.726250 0.045000 0.042500
1 0.197500 0.888750 0.045000 0.040000
0 0.894375 0.361875 0.126250 0.108750
0 0.193750 0.536250 0.032500 0.040000
