0 0.855625 0.320625 0.073750 0.076250
0 0.736250 0.783125 0.090000 0.091250
0 0.117500 0.383125 0.042500 0.031250
1 0.215000 0.035625 0.052500 0.041250
1 0.263750 0.518750 0.052500 0.037500
1 0.671250 0.718750 0.042500 0.070000
1 0.711250 0.681875 0.037500 0.051250
1 0.270625 0.756875 0.043750 0.046250
1 0.853125 0.173125 0.048750 0.056250
1 0.546875 0.842500 0.033750 0.050000
1 0.167500 0.940000 0.057500 0.062500
1 0.935625 0.071250 0.083750 0.060000
1 0.721250 0.428125 0.042500 0.046250
1 0.313125 0.849375 0.051250 0.053750
1 0.028750 0.445000 0.042500 0.045000
1 0.387500 0.096250 0.047500 0.042500
1 0.627500 0.655000 0.065000 0.047500
1 0.535625 0.626875 0.041250 0.048750
1 0.228125 0.685000 0.038750 0.037500
1 0.838750 0.511250 0.050000 0.037500
1 0.546875 0.083750 0.048750 0.057500
1 0.778125 0.690625 0.038750 0.038750
1 0.099375 0.098750 0.071250 0.042500
1 0.735000 0.223750 0.042500 0.040000
1 0.760000 0.038750 0.042500 0.032500
1 0.299375 0.161875 0.036250 0.046250
1 0.819375 0.761250 0.038750 0.047500
1 0.036250 0.640000 0.037500 0.045000
1 0.368125 0.010000 0.046250 0.020000
1 0.851250 0.553125 0.037500 0.036250
1 0.771250 0.113750 0.037500 0.042500
1 0.726875 0.107500 0.036250 0.032500
1 0.413125 0.477500 0.038750 0.047500
1 0.114375 0.742500 0.051250 0.045000
1 0.638125 0.764375 0.033750 0.051250
1 0.068125 0.767500 0.031250 0.032500
1 0.243125 0.631250 0.036250 0.035000
1 0.756875 0.488750 0.053750 0.050000
