0 0.663125 0.477500 0.053750 0.057500
0 0.330625 0.480625 0.053750 0.038750
0 0.735625 0.395625 0.056250 0.046250
0 0.037500 0.533125 0.057500 0.071250
1 0.964375 0.104375 0.068750 0.066250
1 0.249375 0.113125 0.048750 0.061250
1 0.440625 0.124375 0.063750 0.043750
1 0.031250 0.399375 0.050000 0.058750
1 0.873750 0.364375 0.055000 0.041250
1 0.688750 0.856250 0.037500 0.090000
1 0.595625 0.750000 0.038750 0.035000
1 0.111250 0.951875 0.045000 0.058750
1 0.606875 0.269375 0.048750 0.043750
1 0.061875 0.715625 0.058750 0.046250
1 0.037500 0.850000 0.072500 0.050000
1 0.388750 0.876875 0.042500 0.058750
1 0.149375 0.284375 0.046250 0.048750
1 0.260000 0.243125 0.042500 0.056250
1 0.857500 0.152500 0.047500 0.045000
1 0.184375 0.895625 0.073750 0.046250
1 0.720000 0.810625 0.035000 0.043750
1 0.052500 0.126875 0.045000 0.046250
1 0.188125 0.183125 0.053750 0.061250
1 0.555625 0.798750 0.036250 0.035000
1 0.498125 0.278125 0.053750 0.046250
1 0.856250 0.216875 0.042500 0.046250
1 0.801875 0.876875 0.043750 0.048750
1 0.477500 0.178750 0.057500 0.045000
1 0.392500 0.265625 0.052500 0.063750
1 0.922500 0.715625 0.047500 0.051250
1 0.222500 0.420625 0.050000 0.046250
1 0.971250 0.865625 0.042500 0.038750
1 0.328750 0.258750 0.037500 0.045000
1 0.096250 0.881875 0.042500 0.038750
1 0.459375 0.685625 0.031250 0.036250
1 0.377500 0.738125 0.042500 0.048750
1 0.435000 0.220000 0.040000 0.037500
1 0.608125 0.785000 0.036250 0.037500
1 0.519375 0.791250 0.033750 0.040000
1 0.746250 0.171875 0.035000 0.036250
0 0.360625 0.026250 0.061250 0.050000
