0 0.429375 0.515625 0.058750 0.056250
0 0.410625 0.042500 0.038750 0.040000
0 0.657500 0.402500 0.042500 0.032500
1 0.726875 0.486875 0.081250 0.071250
1 0.418750 0.895625 0.125000 0.056250
1 0.678750 0.933750 0.070000 0.070000
1 0.485000 0.306875 0.072500 0.093750
1 0.017500 0.650625 0.032500 0.063750
1 0.618125 0.825625 0.081250 0.073750
1 0.643750 0.176250 0.072500 0.070000
1 0.708750 0.122500 0.070000 0.055000
1 0.385625 0.868125 0.113750 0.046250
1 0.505000 0.102500 0.055000 0.062500
1 0.590000 0.969375 0.060000 0.058750
1 0.623125 0.610625 0.061250 0.048750
1 0.522500 0.229375 0.062500 0.061250
1 0.534375 0.310000 0.061250 0.072500
1 0.582500 0.232500 0.047500 0.052500
1 0.087500 0.555625 0.037500 0.046250
1 0.626250 0.888125 0.065000 0.051250
1 0.590000 0.281875 0.050000 0.061250
1 0.986875 0.213750 0.023750 0.057500
