0 0.441875 0.451250 0.023750 0.050000
0 0.503750 0.438125 0.070000 0.043750
0 0.368750 0.449375 0.105000 0.081250
1 0.696250 0.032500 0.062500 0.057500
1 0.078125 0.815000 0.066250 0.052500
1 0.711875 0.115000 0.051250 0.047500
1 0.617500 0.531250 0.055000 0.050000
1 0.711250 0.478750 0.070000 0.072500
1 0.129375 0.728750 0.063750 0.047500
1 0.933750 0.702500 0.050000 0.050000
1 0.576250 0.895625 0.070000 0.056250
1 0.211875 0.780625 0.056250 0.061250
1 0.183750 0.855625 0.052500 0.048750
1 0.231875 0.946875 0.043750 0.048750
1 0.915000 0.911875 0.052500 0.058750
1 0.868750 0.815625 0.045000 0.048750
1 0.601250 0.202500 0.050000 0.060000
1 0.603750 0.034375 0.067500 0.066250
1 0.953125 0.575000 0.058750 0.052500
1 0.658125 0.463750 0.058750 0.052500
1 0.016250 0.695625 0.030000 0.048750
1 0.981250 0.695000 0.037500 0.067500
1 0.091875 0.683125 0.056250 0.053750
1 0.050000 0.100000 0.062500 0.057500
1 0.911250 0.520000 0.047500 0.047500
1 0.182500 0.641875 0.075000 0.051250
1 0.980625 0.042500 0.036250 0.052500
1 0.555000 0.855625 0.075000 0.053750
1 0.153750 0.975625 0.045000 0.048750
1 0.130625 0.657500 0.066250 0.057500
1 0.550625 0.104375 0.043750 0.058750
1 0.935000 0.392500 0.052500 0.090000
1 0.279375 0.728125 0.043750 0.038750
1 0.954375 0.948125 0.053750 0.048750
1 0.127500 0.026250 0.082500 0.050000
1 0.981250 0.903750 0.037500 0.042500
1 0.211250 0.325000 0.050000 0.060000
1 0.127500 0.179375 0.040000 0.051250
0 0.481875 0.646875 0.068750 0.091250
1 0.743125 0.845000 0.063750 0.050000
1 0.655000 0.764375 0.065000 0.073750
1 0.641875 0.691875 0.068750 0.066250
1 0.135625 0.110625 0.073750 0.091250
