0 0.850625 0.734375 0.163750 0.198750
0 0.111875 0.921875 0.141250 0.103750
0 0.323125 0.880000 0.213750 0.132500
0 0.101875 0.726875 0.101250 0.103750
0 0.655625 0.537500 0.236250 0.210000
0 0.085625 0.598125 0.168750 0.193750
0 0.865625 0.486875 0.208750 0.271250
1 0.397500 0.042500 0.100000 0.057500
1 0.095625 0.098125 0.051250 0.051250
1 0.743750 0.019375 0.085000 0.036250
0 0.423125 0.504375 0.268750 0.291250
0 0.533125 0.327500 0.276250 0.165000
0 0.147500 0.453125 0.110000 0.178750
0 0.420000 0.915625 0.267500 0.168750
