0 0.063750 0.770625 0.070000 0.066250
0 0.031250 0.963750 0.060000 0.072500
0 0.903750 0.834375 0.192500 0.153750
0 0.503125 0.850000 0.178750 0.170000
1 0.258125 0.157500 0.051250 0.052500
1 0.055000 0.696250 0.070000 0.100000
1 0.141250 0.576875 0.060000 0.073750
1 0.272500 0.106250 0.055000 0.062500
1 0.319375 0.548750 0.056250 0.062500
1 0.350000 0.232500 0.077500 0.050000
1 0.025000 0.271250 0.047500 0.080000
1 0.973125 0.248750 0.048750 0.042500
1 0.155000 0.740000 0.057500 0.087500
1 0.214375 0.057500 0.071250 0.062500
1 0.176250 0.370625 0.040000 0.053750
1 0.241875 0.579375 0.048750 0.056250
1 0.264375 0.650000 0.068750 0.060000
1 0.218125 0.244375 0.063750 0.046250
1 0.078125 0.354375 0.076250 0.076250
1 0.302500 0.385625 0.107500 0.058750
1 0.368750 0.440625 0.047500 0.038750
1 0.027500 0.382500 0.047500 0.072500
1 0.035625 0.475000 0.053750 0.062500
1 0.209375 0.125000 0.081250 0.077500
1 0.348750 0.649375 0.062500 0.066250
0 0.736875 0.460625 0.266250 0.196250
0 0.677500 0.283750 0.250000 0.142500
