0 0.647500 0.938750 0.087500 0.095000
0 0.361875 0.428125 0.073750 0.076250
0 0.043125 0.869375 0.083750 0.086250
1 0.616875 0.486250 0.108750 0.097500
1 0.089375 0.275000 0.058750 0.070000
1 0.169375 0.475000 0.058750 0.095000
1 0.450625 0.451875 0.051250 0.061250
1 0.030625 0.969375 0.053750 0.058750
1 0.856250 0.061250 0.065000 0.047500
1 0.912500 0.720000 0.065000 0.067500
1 0.706250 0.420625 0.055000 0.066250
1 0.768125 0.041875 0.096250 0.058750
1 0.510625 0.445000 0.061250 0.057500
1 0.724375 0.503750 0.071250 0.055000
1 0.751250 0.603125 0.052500 0.051250
1 0.893750 0.455000 0.057500 0.052500
1 0.678750 0.605000 0.087500 0.057500
1 0.572500 0.070625 0.047500 0.048750
1 0.347500 0.086875 0.057500 0.056250
1 0.420000 0.630625 0.047500 0.053750
1 0.233125 0.382500 0.041250 0.050000
1 0.972500 0.558750 0.055000 0.045000
1 0.045625 0.488125 0.056250 0.053750
1 0.342500 0.574375 0.052500 0.053750
1 0.843750 0.787500 0.047500 0.040000
1 0.203125 0.550625 0.046250 0.043750
1 0.031875 0.546250 0.043750 0.050000
1 0.631875 0.653750 0.056250 0.042500
1 0.467500 0.015000 0.065000 0.027500
1 0.714375 0.091250 0.053750 0.052500
1 0.781875 0.651875 0.051250 0.038750
1 0.280625 0.664375 0.053750 0.048750
1 0.721875 0.012500 0.046250 0.022500
0 0.121875 0.771875 0.048750 0.051250
1 0.136875 0.011250 0.053750 0.020000
1 0.006875 0.421875 0.011250 0.061250
1 0.815625 0.985000 0.061250 0.027500
0 0.702500 0.312500 0.085000 0.080000
0 0.703750 0.377500 0.095000 0.057500
0 0.365000 0.305625 0.032500 0.028750
