0 0.082520 0.165527 0.083008 0.083008
0 0.185547 0.118652 0.056641 0.049805
0 0.101074 0.098633 0.036133 0.035156
1 0.312012 0.551270 0.034180 0.036133
1 0.669434 0.687500 0.055664 0.042969
1 0.393555 0.356445 0.041016 0.031250
1 0.270020 0.474609 0.049805 0.033203
1 0.119629 0.500977 0.081055 0.039062
1 0.516602 0.395508 0.044922 0.037109
1 0.243652 0.626953 0.041992 0.029297
1 0.657227 0.494629 0.041016 0.034180
1 0.312500 0.713379 0.072266 0.028320
1 0.142090 0.419434 0.059570 0.030273
1 0.459473 0.266602 0.055664 0.033203
1 0.423828 0.662109 0.054688 0.039062
1 0.394043 0.288574 0.045898 0.038086
1 0.530762 0.708984 0.043945 0.035156
1 0.027344 0.631836 0.054688 0.029297
1 0.015137 0.546387 0.030273 0.034180
1 0.193359 0.601074 0.062500 0.032227
1 0.407715 0.484375 0.049805 0.027344
1 0.576172 0.716797 0.035156 0.031250
1 0.464355 0.380859 0.053711 0.027344
1 0.223145 0.386230 0.057617 0.028320
1 0.677734 0.455566 0.037109 0.032227
1 0.763672 0.608887 0.033203 0.030273
1 0.701660 0.399414 0.030273 0.021484
1 0.592773 0.449707 0.027344 0.026367
1 0.304199 0.425293 0.038086 0.030273
1 0.098145 0.540527 0.041992 0.028320
1 0.450195 0.354980 0.041016 0.020508
1 0.185059 0.690430 0.079102 0.029297
1 0.500977 0.769531 0.037109 0.023438
1 0.427734 0.332520 0.031250 0.026367
1 0.290527 0.279297 0.036133 0.031250
1 0.771484 0.277832 0.017578 0.040039
1 0.470703 0.769531 0.033203 0.023438
1 0.513672 0.460938 0.035156 0.031250
1 0.703613 0.305664 0.049805 0.031250
1 0.379883 0.650879 0.062500 0.034180
1 0.713867 0.663574 0.029297 0.026367
1 0.020508 0.472656 0.041016 0.029297
1 0.475098 0.676758 0.034180 0.021484
1 0.080566 0.369141 0.075195 0.025391
1 0.484863 0.705566 0.075195 0.040039
1 0.620605 0.385742 0.053711 0.025391
1 0.347656 0.740234 0.048828 0.033203
1 0.309082 0.375977 0.049805 0.021484
1 0.010254 0.319824 0.020508 0.028320
1 0.602539 0.493652 0.037109 0.026367
1 0.341309 0.294922 0.034180 0.025391
1 0.629395 0.614258 0.038086 0.039062
1 0.412598 0.694824 0.051758 0.032227
1 0.292480 0.354980 0.059570 0.026367
1 0.731934 0.348145 0.026367 0.028320
1 0.019043 0.681641 0.038086 0.027344
1 0.144043 0.376465 0.053711 0.024414
1 0.033203 0.450684 0.052734 0.018555
1 0.573242 0.666016 0.031250 0.027344
1 0.606445 0.765625 0.029297 0.027344
1 0.741699 0.297852 0.026367 0.023438
1 0.236816 0.752930 0.065430 0.033203
1 0.729492 0.391602 0.027344 0.029297
1 0.232422 0.334961 0.062500 0.029297
1 0.052734 0.741211 0.054688 0.029297
1 0.563965 0.311035 0.026367 0.028320
1 0.106445 0.340820 0.076172 0.029297
1 0.065430 0.763184 0.056641 0.034180
1 0.770020 0.470215 0.022461 0.032227
1 0.595703 0.312988 0.035156 0.020508
1 0.578613 0.387695 0.040039 0.027344
1 0.125977 0.717285 0.046875 0.022461
1 0.757324 0.773438 0.036133 0.013672
1 0.552246 0.424805 0.038086 0.019531
1 0.128906 0.755371 0.068359 0.030273
1 0.236328 0.304688 0.044922 0.027344
1 0.678223 0.718750 0.032227 0.027344
1 0.599609 0.681152 0.048828 0.028320
