0 0.510000 0.198125 0.035000 0.033750
0 0.480625 0.467500 0.101250 0.105000
0 0.528750 0.091875 0.097500 0.088750
0 0.545000 0.964375 0.070000 0.061250
1 0.195625 0.519375 0.091250 0.098750
1 0.232500 0.790000 0.070000 0.070000
1 0.153750 0.581250 0.072500 0.062500
1 0.785000 0.556250 0.072500 0.065000
1 0.412500 0.552500 0.062500 0.070000
1 0.863750 0.103750 0.082500 0.082500
1 0.096875 0.976875 0.051250 0.043750
1 0.979375 0.426250 0.041250 0.107500
1 0.693125 0.370000 0.091250 0.105000
1 0.097500 0.216250 0.087500 0.077500
1 0.076250 0.626250 0.080000 0.055000
1 0.265625 0.368750 0.091250 0.120000
1 0.778750 0.478125 0.050000 0.056250
1 0.207500 0.651875 0.055000 0.048750
1 0.675625 0.790000 0.071250 0.060000
1 0.580000 0.461875 0.055000 0.076250
1 0.268750 0.683750 0.050000 0.052500
1 0.809375 0.745000 0.061250 0.045000
1 0.698125 0.731875 0.046250 0.048750
1 0.878125 0.336875 0.053750 0.061250
1 0.646250 0.333750 0.042500 0.062500
1 0.599375 0.530625 0.056250 0.051250
1 0.305000 0.976250 0.047500 0.045000
1 0.766875 0.719375 0.063750 0.043750
1 0.105000 0.843125 0.052500 0.048750
1 0.750625 0.769375 0.046250 0.053750
1 0.640000 0.569375 0.055000 0.066250
1 0.311875 0.873125 0.056250 0.048750
1 0.780000 0.798125 0.055000 0.041250
1 0.668125 0.610000 0.041250 0.045000
1 0.298750 0.198125 0.075000 0.068750
1 0.118750 0.805000 0.047500 0.040000
1 0.809375 0.340625 0.106250 0.121250
1 0.307500 0.525625 0.150000 0.058750
1 0.248125 0.275000 0.043750 0.052500
1 0.722500 0.440625 0.042500 0.046250
1 0.016875 0.883125 0.033750 0.041250
1 0.758125 0.240000 0.046250 0.045000
1 0.626250 0.236875 0.047500 0.071250
1 0.100000 0.688750 0.050000 0.052500
1 0.485000 0.628125 0.070000 0.048750
1 0.725625 0.923125 0.046250 0.043750
1 0.015000 0.415000 0.030000 0.067500
1 0.013125 0.705000 0.026250 0.047500
1 0.686875 0.941875 0.038750 0.033750
1 0.273750 0.076250 0.072500 0.095000
1 0.014375 0.828125 0.028750 0.041250
1 0.013125 0.091250 0.026250 0.090000
1 0.012500 0.931875 0.025000 0.048750
1 0.078125 0.025000 0.046250 0.050000
1 0.695000 0.107500 0.087500 0.095000
1 0.912500 0.019375 0.127500 0.038750
1 0.045000 0.981250 0.037500 0.035000
1 0.024375 0.542500 0.048750 0.052500
1 0.334375 0.548125 0.081250 0.061250
1 0.988125 0.509375 0.021250 0.076250
1 0.741250 0.366250 0.042500 0.045000
1 0.178750 0.010625 0.072500 0.021250
1 0.714375 0.019375 0.078750 0.038750
1 0.144375 0.078750 0.041250 0.047500
1 0.431875 0.638750 0.058750 0.050000
1 0.027500 0.668750 0.042500 0.037500
