0 0.134375 0.535625 0.066250 0.063750
0 0.293750 0.551250 0.047500 0.050000
0 0.353750 0.581875 0.050000 0.048750
1 0.144375 0.808750 0.108750 0.077500
1 0.041875 0.613125 0.081250 0.118750
1 0.711875 0.065625 0.073750 0.121250
1 0.734375 0.573125 0.121250 0.078750
1 0.287500 0.085625 0.055000 0.086250
1 0.191875 0.658750 0.081250 0.065000
1 0.040000 0.183750 0.075000 0.060000
1 0.878125 0.351875 0.123750 0.076250
1 0.595625 0.099375 0.046250 0.093750
1 0.401250 0.308125 0.057500 0.066250
1 0.866875 0.916250 0.131250 0.062500
1 0.670000 0.546250 0.047500 0.117500
1 0.609375 0.192500 0.048750 0.082500
1 0.720000 0.936250 0.055000 0.085000
1 0.935625 0.692500 0.061250 0.067500
1 0.160625 0.710000 0.058750 0.045000
1 0.104375 0.678750 0.043750 0.077500
1 0.788125 0.865000 0.086250 0.057500
1 0.454375 0.911250 0.056250 0.055000
1 0.911250 0.580000 0.047500 0.060000
1 0.865625 0.605625 0.058750 0.118750
1 0.518125 0.356875 0.053750 0.053750
1 0.621875 0.942500 0.046250 0.070000
1 0.416875 0.250625 0.076250 0.063750
1 0.326250 0.088750 0.042500 0.105000
1 0.251875 0.320000 0.043750 0.047500
1 0.691875 0.323125 0.056250 0.058750
1 0.032500 0.251250 0.052500 0.057500
1 0.306875 0.448125 0.051250 0.043750
1 0.268750 0.276250 0.057500 0.050000
1 0.453125 0.730000 0.053750 0.075000
1 0.176875 0.913125 0.051250 0.076250
1 0.066875 0.354375 0.043750 0.053750
1 0.141875 0.157500 0.056250 0.065000
1 0.430000 0.112500 0.045000 0.080000
1 0.841875 0.773750 0.081250 0.052500
1 0.386875 0.073750 0.046250 0.057500
1 0.258125 0.212500 0.058750 0.055000
1 0.638750 0.645000 0.090000 0.055000
1 0.342500 0.211250 0.082500 0.065000
1 0.363750 0.347500 0.070000 0.042500
1 0.267500 0.663125 0.117500 0.048750
1 0.505000 0.307500 0.037500 0.057500
1 0.498125 0.652500 0.051250 0.065000
1 0.401875 0.199375 0.048750 0.048750
1 0.416250 0.688125 0.047500 0.041250
1 0.216250 0.303125 0.042500 0.048750
1 0.204375 0.347500 0.063750 0.040000
1 0.211250 0.085625 0.062500 0.141250
1 0.131250 0.351250 0.052500 0.052500
1 0.101875 0.315000 0.041250 0.047500
1 0.519375 0.747500 0.046250 0.062500
1 0.883750 0.068125 0.035000 0.133750
1 0.481250 0.216250 0.050000 0.055000
1 0.121875 0.233125 0.036250 0.046250
1 0.787500 0.172500 0.072500 0.072500
1 0.948125 0.615000 0.036250 0.055000
1 0.908750 0.074375 0.040000 0.116250
1 0.889375 0.227500 0.083750 0.042500
1 0.808125 0.709375 0.061250 0.106250
1 0.572500 0.293125 0.060000 0.048750
1 0.980000 0.791875 0.040000 0.113750
1 0.628125 0.818750 0.068750 0.042500
1 0.760000 0.226250 0.055000 0.077500
1 0.768750 0.811875 0.067500 0.041250
1 0.664375 0.860000 0.081250 0.055000
1 0.895000 0.807500 0.062500 0.045000
1 0.362500 0.855000 0.125000 0.065000
1 0.406875 0.886875 0.103750 0.078750
1 0.519375 0.840625 0.066250 0.031250
1 0.537500 0.866250 0.070000 0.040000
