0 0.493125 0.378125 0.101250 0.071250
0 0.261875 0.434375 0.058750 0.061250
0 0.920625 0.405625 0.158750 0.151250
1 0.317500 0.026250 0.062500 0.050000
1 0.566875 0.600625 0.053750 0.056250
1 0.385625 0.116250 0.076250 0.045000
1 0.198125 0.831875 0.058750 0.063750
1 0.685625 0.098125 0.041250 0.053750
1 0.438125 0.750625 0.046250 0.046250
1 0.060625 0.020000 0.068750 0.037500
1 0.790000 0.683125 0.045000 0.053750
1 0.933750 0.668750 0.050000 0.050000
1 0.931875 0.831250 0.058750 0.047500
1 0.219375 0.635000 0.046250 0.052500
1 0.667500 0.545000 0.045000 0.052500
1 0.705000 0.858750 0.047500 0.067500
1 0.068750 0.706875 0.052500 0.048750
1 0.921875 0.719375 0.048750 0.041250
1 0.761875 0.723125 0.046250 0.043750
1 0.275000 0.846250 0.050000 0.060000
1 0.541875 0.809375 0.043750 0.048750
1 0.550625 0.665000 0.043750 0.045000
1 0.203750 0.100625 0.045000 0.043750
1 0.681875 0.908125 0.036250 0.056250
1 0.825000 0.529375 0.040000 0.053750
1 0.446250 0.036250 0.047500 0.057500
1 0.155625 0.018750 0.046250 0.035000
1 0.409375 0.651250 0.048750 0.045000
1 0.801875 0.034375 0.041250 0.051250
1 0.574375 0.750000 0.043750 0.040000
1 0.863125 0.028750 0.048750 0.045000
1 0.701250 0.651250 0.045000 0.047500
1 0.987500 0.062500 0.022500 0.052500
1 0.349375 0.701875 0.043750 0.048750
1 0.023750 0.650625 0.045000 0.043750
