0 0.534375 0.404375 0.098750 0.083750
0 0.761875 0.314375 0.026250 0.023750
0 0.896250 0.369375 0.055000 0.041250
1 0.488125 0.065625 0.068750 0.041250
1 0.670000 0.526250 0.077500 0.050000
1 0.676875 0.022500 0.068750 0.042500
1 0.286250 0.441250 0.080000 0.060000
1 0.739375 0.575625 0.041250 0.083750
1 0.403125 0.548125 0.043750 0.048750
1 0.329375 0.038750 0.051250 0.045000
1 0.611250 0.604375 0.040000 0.041250
1 0.305625 0.495625 0.043750 0.058750
1 0.853125 0.626875 0.038750 0.056250
1 0.293750 0.131250 0.035000 0.050000
1 0.451250 0.655000 0.047500 0.047500
1 0.498750 0.595625 0.037500 0.043750
1 0.056875 0.013750 0.041250 0.025000
1 0.515000 0.541250 0.032500 0.045000
1 0.899375 0.621250 0.036250 0.045000
1 0.921250 0.012500 0.047500 0.022500
1 0.861250 0.068750 0.035000 0.037500
1 0.131875 0.506875 0.041250 0.036250
1 0.988125 0.686250 0.023750 0.040000
0 0.788125 0.041250 0.066250 0.080000
0 0.858750 0.130625 0.045000 0.048750
