0 0.479375 0.685000 0.073750 0.062500
0 0.613125 0.119375 0.078750 0.043750
0 0.506250 0.562500 0.055000 0.060000
1 0.979375 0.640000 0.041250 0.057500
1 0.279375 0.530625 0.058750 0.088750
1 0.618750 0.528125 0.060000 0.081250
1 0.663125 0.349375 0.231250 0.068750
1 0.383750 0.936875 0.080000 0.066250
1 0.346250 0.319375 0.067500 0.031250
1 0.413750 0.906250 0.100000 0.080000
1 0.279375 0.108125 0.031250 0.023750
1 0.823125 0.746875 0.051250 0.091250
1 0.156250 0.731875 0.072500 0.068750
1 0.573125 0.808750 0.066250 0.105000
1 0.029375 0.166875 0.058750 0.066250
1 0.141875 0.420625 0.073750 0.118750
1 0.803125 0.839375 0.033750 0.081250
1 0.841250 0.942500 0.075000 0.102500
1 0.121250 0.854375 0.055000 0.066250
1 0.606875 0.413125 0.196250 0.058750
1 0.242500 0.281875 0.050000 0.048750
1 0.978125 0.085625 0.043750 0.096250
1 0.367500 0.073125 0.077500 0.048750
1 0.903125 0.351250 0.076250 0.090000
1 0.074375 0.969375 0.061250 0.061250
1 0.082500 0.626875 0.085000 0.061250
1 0.959375 0.463750 0.081250 0.097500
1 0.225000 0.968750 0.055000 0.062500
1 0.880000 0.603750 0.047500 0.092500
1 0.973125 0.949375 0.053750 0.066250
1 0.342500 0.540000 0.045000 0.080000
1 0.661875 0.891875 0.046250 0.071250
1 0.098750 0.078125 0.062500 0.073750
1 0.760000 0.953750 0.075000 0.092500
