0 0.075000 0.115625 0.055000 0.053750
0 0.276875 0.017500 0.093750 0.032500
0 0.461250 0.070625 0.077500 0.063750
1 0.743125 0.709375 0.086250 0.066250
1 0.766250 0.791250 0.055000 0.072500
1 0.636875 0.678125 0.056250 0.073750
1 0.580625 0.491875 0.086250 0.158750
1 0.835000 0.813125 0.075000 0.076250
1 0.620625 0.778750 0.068750 0.057500
1 0.858750 0.731875 0.077500 0.048750
1 0.940000 0.458125 0.112500 0.068750
1 0.942500 0.980000 0.070000 0.040000
1 0.669375 0.968750 0.096250 0.062500
1 0.071875 0.113125 0.048750 0.043750
1 0.137500 0.873750 0.067500 0.050000
1 0.107500 0.533125 0.062500 0.063750
1 0.679375 0.754375 0.048750 0.056250
1 0.651875 0.475625 0.091250 0.088750
1 0.738750 0.936875 0.052500 0.043750
1 0.940625 0.925000 0.118750 0.080000
