0 0.249375 0.159375 0.023750 0.048750
0 0.248125 0.235000 0.098750 0.062500
0 0.065625 0.151250 0.053750 0.055000
1 0.951875 0.506250 0.096250 0.045000
1 0.725625 0.336875 0.101250 0.038750
1 0.606875 0.699375 0.046250 0.078750
1 0.508125 0.141875 0.053750 0.061250
1 0.722500 0.286250 0.087500 0.055000
1 0.949375 0.711875 0.098750 0.081250
1 0.624375 0.441250 0.061250 0.072500
1 0.513125 0.510625 0.061250 0.046250
1 0.858125 0.018125 0.103750 0.033750
1 0.811250 0.293750 0.082500 0.042500
1 0.831875 0.104375 0.108750 0.036250
1 0.661875 0.743125 0.043750 0.063750
1 0.515625 0.568125 0.086250 0.058750
1 0.900000 0.451250 0.070000 0.037500
1 0.489375 0.233125 0.061250 0.031250
1 0.414375 0.945000 0.043750 0.057500
1 0.550000 0.441250 0.042500 0.055000
1 0.973125 0.814375 0.051250 0.048750
1 0.939375 0.971875 0.118750 0.056250
1 0.556875 0.956875 0.073750 0.086250
