0 0.342500 0.771875 0.075000 0.158750
0 0.585000 0.875625 0.112500 0.101250
0 0.602500 0.025000 0.047500 0.047500
0 0.593125 0.237500 0.046250 0.035000
0 0.575000 0.182500 0.050000 0.045000
0 0.625000 0.571250 0.075000 0.120000
0 0.310000 0.582500 0.085000 0.080000
1 0.708750 0.589375 0.075000 0.141250
1 0.899375 0.730625 0.148750 0.096250
1 0.498125 0.625625 0.066250 0.071250
1 0.025625 0.462500 0.048750 0.085000
1 0.960625 0.138750 0.078750 0.115000
1 0.858125 0.880000 0.063750 0.077500
1 0.911250 0.858125 0.055000 0.061250
1 0.095625 0.649375 0.061250 0.058750
1 0.270625 0.919375 0.068750 0.053750
1 0.787500 0.975000 0.050000 0.050000
1 0.103750 0.576875 0.102500 0.063750
1 0.115625 0.158125 0.148750 0.098750
1 0.126250 0.036875 0.120000 0.071250
1 0.805625 0.028125 0.071250 0.053750
1 0.888750 0.472500 0.065000 0.067500
1 0.172500 0.280625 0.065000 0.098750
1 0.149375 0.429375 0.056250 0.066250
1 0.533750 0.481875 0.062500 0.058750
1 0.301250 0.061250 0.067500 0.102500
1 0.658125 0.400625 0.051250 0.146250
1 0.120625 0.968125 0.088750 0.063750
1 0.457500 0.219375 0.055000 0.093750
1 0.506875 0.430625 0.051250 0.083750
1 0.953125 0.805625 0.073750 0.056250
1 0.659375 0.906875 0.098750 0.068750
1 0.738125 0.136875 0.111250 0.078750
1 0.490625 0.068125 0.076250 0.101250
1 0.515625 0.734375 0.056250 0.058750
1 0.018750 0.370000 0.035000 0.057500
1 0.684375 0.263750 0.058750 0.110000
1 0.849375 0.226250 0.058750 0.072500
1 0.030625 0.958750 0.058750 0.082500
1 0.396875 0.085000 0.066250 0.097500
1 0.786875 0.369375 0.063750 0.108750
1 0.906250 0.246875 0.070000 0.081250
1 0.109375 0.853125 0.088750 0.108750
1 0.028125 0.027500 0.053750 0.052500
1 0.332500 0.393125 0.052500 0.053750
1 0.401250 0.646875 0.092500 0.056250
1 0.979375 0.453750 0.038750 0.070000
1 0.428750 0.968125 0.057500 0.063750
1 0.136875 0.187500 0.086250 0.125000
1 0.430000 0.905625 0.130000 0.091250
1 0.760625 0.200000 0.068750 0.062500
1 0.852500 0.297500 0.092500 0.057500
1 0.823750 0.445625 0.042500 0.051250
1 0.014375 0.874375 0.026250 0.068750
1 0.056250 0.337500 0.067500 0.055000
1 0.430625 0.681875 0.053750 0.068750
1 0.538125 0.057500 0.053750 0.055000
1 0.815625 0.635000 0.038750 0.040000
1 0.423125 0.424375 0.063750 0.051250
1 0.616875 0.975625 0.108750 0.046250
1 0.428125 0.369375 0.058750 0.068750
1 0.935625 0.439375 0.048750 0.078750
1 0.918125 0.383125 0.058750 0.073750
