0 0.941250 0.838125 0.072500 0.066250
0 0.912500 0.613125 0.075000 0.073750
0 0.724375 0.502500 0.061250 0.060000
0 0.887500 0.281875 0.062500 0.063750
0 0.735000 0.085000 0.070000 0.070000
0 0.824375 0.929375 0.098750 0.106250
1 0.407500 0.922500 0.085000 0.077500
1 0.287500 0.066875 0.085000 0.076250
1 0.591250 0.279375 0.115000 0.063750
1 0.430625 0.457500 0.151250 0.070000
1 0.384375 0.665000 0.131250 0.100000
1 0.386875 0.774375 0.108750 0.056250
1 0.222500 0.275000 0.092500 0.057500
1 0.216250 0.468750 0.060000 0.075000
1 0.038125 0.260625 0.073750 0.088750
1 0.296875 0.336875 0.081250 0.068750
1 0.705000 0.171875 0.120000 0.061250
1 0.251250 0.624375 0.052500 0.156250
1 0.124375 0.701250 0.063750 0.050000
1 0.036875 0.698125 0.071250 0.101250
1 0.118125 0.783125 0.048750 0.078750
1 0.355000 0.184375 0.070000 0.073750
1 0.063125 0.031250 0.061250 0.060000
1 0.480625 0.561250 0.131250 0.100000
1 0.486250 0.396250 0.182500 0.117500
