0 0.136875 0.434375 0.081250 0.083750
0 0.670000 0.582500 0.035000 0.035000
0 0.170000 0.548125 0.110000 0.078750
1 0.283750 0.785625 0.120000 0.096250
1 0.363125 0.872500 0.093750 0.107500
1 0.862500 0.416875 0.172500 0.103750
1 0.252500 0.038125 0.155000 0.073750
1 0.098125 0.591875 0.111250 0.106250
1 0.066875 0.936875 0.131250 0.096250
1 0.498125 0.544375 0.126250 0.148750
1 0.960000 0.070000 0.057500 0.072500
1 0.611875 0.181875 0.101250 0.076250
1 0.569375 0.267500 0.068750 0.055000
1 0.635000 0.671875 0.065000 0.088750
1 0.360625 0.658125 0.133750 0.061250
1 0.215000 0.136875 0.207500 0.073750
1 0.035000 0.020000 0.067500 0.037500
1 0.061250 0.448750 0.057500 0.092500
1 0.571250 0.563125 0.067500 0.111250
1 0.023750 0.614375 0.045000 0.071250
1 0.825000 0.047500 0.137500 0.062500
1 0.768750 0.840000 0.055000 0.062500
1 0.833125 0.498125 0.061250 0.098750
1 0.083125 0.862500 0.136250 0.050000
1 0.245625 0.296875 0.068750 0.036250
1 0.910000 0.902500 0.072500 0.062500
1 0.644375 0.836250 0.066250 0.067500
1 0.358750 0.043125 0.055000 0.083750
1 0.885625 0.949375 0.056250 0.068750
1 0.431250 0.044375 0.137500 0.086250
1 0.833125 0.796875 0.073750 0.051250
1 0.086250 0.514375 0.042500 0.043750
1 0.905625 0.637500 0.066250 0.147500
1 0.730000 0.725000 0.067500 0.042500
1 0.795625 0.969375 0.148750 0.058750
1 0.147500 0.065000 0.122500 0.092500
1 0.983750 0.651250 0.032500 0.055000
1 0.557500 0.473125 0.087500 0.118750
1 0.771250 0.659375 0.160000 0.093750
1 0.033125 0.131250 0.063750 0.065000
1 0.365000 0.800000 0.042500 0.050000
1 0.465000 0.148750 0.045000 0.045000
1 0.721250 0.903125 0.055000 0.058750
1 0.833750 0.683125 0.060000 0.056250
1 0.296250 0.336875 0.025000 0.046250
1 0.452500 0.935000 0.052500 0.040000
1 0.508750 0.464375 0.105000 0.116250
1 0.132500 0.018125 0.117500 0.033750
1 0.053750 0.978750 0.065000 0.040000
1 0.430625 0.736250 0.041250 0.045000
1 0.236875 0.697500 0.048750 0.047500
1 0.786250 0.488750 0.047500 0.042500
