0 0.949375 0.360625 0.071250 0.068750
0 0.046250 0.143750 0.082500 0.180000
0 0.054375 0.383125 0.106250 0.143750
0 0.141250 0.063125 0.157500 0.123750
1 0.558750 0.323125 0.077500 0.086250
1 0.736875 0.955625 0.151250 0.066250
1 0.621250 0.834375 0.095000 0.056250
1 0.481250 0.250625 0.070000 0.066250
1 0.628750 0.351875 0.070000 0.086250
1 0.882500 0.589375 0.157500 0.066250
1 0.455000 0.658750 0.042500 0.090000
1 0.313125 0.540625 0.056250 0.096250
1 0.673750 0.765000 0.057500 0.085000
1 0.616250 0.416250 0.137500 0.057500
1 0.177500 0.470000 0.055000 0.120000
1 0.526250 0.127500 0.050000 0.100000
1 0.766250 0.715000 0.100000 0.042500
1 0.953750 0.428125 0.090000 0.073750
1 0.355000 0.210625 0.052500 0.083750
1 0.132500 0.290000 0.087500 0.052500
1 0.571875 0.036250 0.106250 0.070000
1 0.732500 0.857500 0.142500 0.072500
1 0.538125 0.984375 0.106250 0.028750
1 0.710000 0.306875 0.060000 0.053750
1 0.335625 0.804375 0.076250 0.053750
1 0.866875 0.835000 0.096250 0.047500
