0 0.348750 0.146250 0.037500 0.032500
0 0.674375 0.277500 0.078750 0.105000
0 0.159375 0.088750 0.156250 0.157500
0 0.545625 0.117500 0.133750 0.070000
1 0.704375 0.804375 0.051250 0.098750
1 0.488125 0.840625 0.048750 0.083750
1 0.495000 0.729375 0.045000 0.068750
1 0.058125 0.751875 0.053750 0.043750
1 0.620000 0.837500 0.042500 0.080000
1 0.650625 0.746250 0.046250 0.090000
1 0.940000 0.631875 0.085000 0.063750
1 0.917500 0.924375 0.050000 0.103750
1 0.906875 0.743750 0.038750 0.057500
1 0.978750 0.541250 0.040000 0.040000
1 0.238750 0.907500 0.047500 0.132500
1 0.871875 0.595000 0.048750 0.045000
1 0.198750 0.551875 0.055000 0.056250
1 0.299375 0.710625 0.106250 0.166250
1 0.985625 0.807500 0.026250 0.087500
1 0.613125 0.756250 0.043750 0.065000
