0 0.753750 0.047500 0.055000 0.037500
0 0.829375 0.095625 0.091250 0.091250
1 0.265000 0.431250 0.170000 0.182500
1 0.650000 0.275625 0.175000 0.198750
1 0.315000 0.703125 0.292500 0.146250
1 0.642500 0.516875 0.130000 0.126250
1 0.267500 0.163125 0.112500 0.103750
1 0.773750 0.871250 0.145000 0.145000
1 0.465000 0.914375 0.277500 0.171250
1 0.120000 0.201875 0.142500 0.126250
1 0.481875 0.713750 0.081250 0.127500
1 0.615000 0.152500 0.185000 0.095000
1 0.223750 0.929375 0.115000 0.093750
1 0.079375 0.949375 0.056250 0.098750
1 0.771875 0.567500 0.121250 0.125000
1 0.528125 0.263750 0.193750 0.122500
1 0.428750 0.507500 0.107500 0.075000
1 0.663750 0.928750 0.057500 0.140000
1 0.486250 0.420625 0.135000 0.056250
1 0.217500 0.310625 0.095000 0.051250
1 0.120000 0.268125 0.120000 0.081250
1 0.676250 0.075625 0.060000 0.073750
1 0.137500 0.849375 0.075000 0.038750
1 0.823750 0.449375 0.235000 0.186250
1 0.225625 0.813750 0.053750 0.072500
1 0.665000 0.031875 0.065000 0.061250
1 0.723750 0.388750 0.070000 0.047500
1 0.049375 0.061250 0.096250 0.070000
1 0.493750 0.111250 0.050000 0.187500
1 0.614375 0.073125 0.046250 0.071250
1 0.736875 0.265000 0.036250 0.072500
1 0.148125 0.030000 0.126250 0.057500
