0 0.348750 0.625000 0.122500 0.110000
0 0.658125 0.723125 0.138750 0.126250
0 0.370625 0.305625 0.093750 0.116250
1 0.450000 0.570000 0.057500 0.082500
1 0.523125 0.345000 0.058750 0.062500
1 0.560000 0.688750 0.040000 0.057500
1 0.426250 0.942500 0.082500 0.097500
1 0.435000 0.464375 0.045000 0.083750
1 0.441250 0.649375 0.060000 0.068750
1 0.348125 0.536250 0.083750 0.037500
1 0.081875 0.574375 0.061250 0.041250
1 0.024375 0.602500 0.046250 0.045000
1 0.606250 0.144375 0.070000 0.061250
1 0.336250 0.975000 0.072500 0.050000
1 0.456250 0.733750 0.040000 0.052500
1 0.570625 0.476250 0.038750 0.072500
1 0.482500 0.133750 0.032500 0.057500
1 0.488125 0.465000 0.043750 0.057500
1 0.487500 0.010000 0.042500 0.017500
1 0.612500 0.094375 0.055000 0.048750
1 0.548750 0.924375 0.062500 0.108750
1 0.438750 0.130625 0.045000 0.053750
1 0.983125 0.692500 0.033750 0.037500
