0 0.081250 0.105625 0.160000 0.208750
0 0.128125 0.329375 0.241250 0.216250
0 0.306875 0.485000 0.208750 0.180000
1 0.700000 0.047500 0.067500 0.075000
1 0.486250 0.146875 0.057500 0.123750
1 0.768750 0.053125 0.060000 0.078750
1 0.393125 0.069375 0.073750 0.073750
1 0.455000 0.767500 0.060000 0.087500
1 0.828750 0.973125 0.097500 0.051250
1 0.629375 0.527500 0.056250 0.110000
1 0.810000 0.789375 0.077500 0.073750
1 0.541875 0.683750 0.048750 0.065000
1 0.744375 0.514375 0.046250 0.098750
1 0.740000 0.293125 0.060000 0.073750
1 0.589375 0.211250 0.058750 0.062500
1 0.616250 0.036250 0.042500 0.070000
1 0.882500 0.568125 0.057500 0.081250
1 0.851875 0.467500 0.088750 0.052500
1 0.950000 0.802500 0.100000 0.050000
1 0.853750 0.272500 0.097500 0.090000
1 0.917500 0.766875 0.087500 0.056250
1 0.693125 0.975625 0.038750 0.048750
