0 0.211875 0.646250 0.146250 0.150000
0 0.125000 0.740625 0.092500 0.103750
0 0.255000 0.696875 0.070000 0.088750
1 0.446250 0.892500 0.062500 0.062500
1 0.606875 0.483125 0.098750 0.101250
1 0.371250 0.296250 0.080000 0.077500
1 0.024375 0.163125 0.046250 0.068750
1 0.530625 0.291250 0.076250 0.082500
1 0.460000 0.425625 0.072500 0.091250
1 0.508125 0.162500 0.053750 0.067500
1 0.924375 0.143125 0.078750 0.063750
1 0.521250 0.901250 0.045000 0.045000
1 0.577500 0.428750 0.075000 0.072500
1 0.258750 0.192500 0.037500 0.042500
1 0.395625 0.033750 0.086250 0.065000
1 0.378750 0.238125 0.055000 0.058750
1 0.831875 0.887500 0.081250 0.142500
1 0.472500 0.221875 0.055000 0.066250
1 0.936875 0.367500 0.066250 0.070000
1 0.378750 0.595625 0.107500 0.101250
1 0.190625 0.028125 0.088750 0.053750
1 0.585625 0.720000 0.083750 0.075000
1 0.975625 0.735625 0.048750 0.081250
1 0.033125 0.398750 0.063750 0.095000
1 0.401875 0.811250 0.076250 0.072500
1 0.546250 0.980000 0.072500 0.037500
1 0.293750 0.080000 0.077500 0.075000
1 0.973125 0.120625 0.053750 0.056250
1 0.018750 0.922500 0.035000 0.065000
1 0.685625 0.462500 0.156250 0.137500
1 0.981875 0.013750 0.036250 0.025000
1 0.271250 0.558750 0.085000 0.087500
1 0.582500 0.896875 0.057500 0.053750
1 0.017500 0.783125 0.032500 0.078750
1 0.328750 0.390000 0.082500 0.080000
1 0.694375 0.187500 0.118750 0.080000
1 0.438750 0.070625 0.065000 0.071250
