0 0.492500 0.192500 0.090000 0.085000
0 0.151250 0.176250 0.090000 0.085000
1 0.371250 0.950625 0.105000 0.093750
1 0.841250 0.238750 0.095000 0.085000
1 0.071250 0.081875 0.140000 0.083750
1 0.615625 0.897500 0.138750 0.202500
1 0.746250 0.743125 0.095000 0.123750
1 0.343750 0.026250 0.075000 0.050000
1 0.913125 0.091875 0.101250 0.078750
1 0.411250 0.573125 0.070000 0.183750
1 0.956875 0.383125 0.086250 0.076250
1 0.541250 0.435000 0.067500 0.082500
1 0.370000 0.815625 0.100000 0.076250
1 0.041250 0.209375 0.080000 0.066250
1 0.258750 0.398125 0.120000 0.073750
1 0.785625 0.811250 0.081250 0.075000
1 0.485625 0.586250 0.063750 0.090000
1 0.120625 0.509375 0.076250 0.096250
1 0.969375 0.904375 0.061250 0.081250
1 0.028750 0.901250 0.055000 0.110000
1 0.090000 0.312500 0.110000 0.065000
1 0.285625 0.530625 0.121250 0.063750
1 0.112500 0.027500 0.095000 0.052500
1 0.102500 0.969375 0.082500 0.061250
1 0.558750 0.650000 0.055000 0.072500
1 0.335625 0.643750 0.058750 0.060000
1 0.175000 0.913750 0.072500 0.060000
1 0.170625 0.813125 0.061250 0.073750
1 0.731250 0.616250 0.080000 0.062500
1 0.947500 0.801250 0.102500 0.070000
1 0.703125 0.015625 0.076250 0.028750
1 0.858750 0.859375 0.065000 0.066250
1 0.581875 0.332500 0.058750 0.042500
1 0.732500 0.260000 0.072500 0.067500
1 0.190000 0.645000 0.060000 0.057500
1 0.043750 0.015625 0.085000 0.028750
1 0.090625 0.456875 0.068750 0.063750
1 0.920625 0.608750 0.058750 0.065000
1 0.245625 0.635625 0.058750 0.056250
1 0.513125 0.906250 0.048750 0.065000
1 0.199375 0.422500 0.061250 0.052500
1 0.042500 0.416875 0.052500 0.053750
1 0.725000 0.976875 0.060000 0.046250
1 0.563750 0.960000 0.082500 0.077500
1 0.115000 0.832500 0.060000 0.055000
1 0.205625 0.462500 0.068750 0.057500
1 0.691875 0.915625 0.051250 0.078750
