0 0.965625 0.586250 0.068750 0.137500
0 0.310000 0.631875 0.155000 0.111250
0 0.840000 0.043125 0.135000 0.083750
1 0.780625 0.221250 0.061250 0.060000
1 0.870000 0.191250 0.060000 0.067500
1 0.166250 0.240000 0.045000 0.045000
1 0.299375 0.346250 0.056250 0.055000
1 0.518750 0.376875 0.065000 0.053750
1 0.701250 0.241875 0.055000 0.053750
1 0.534375 0.233125 0.066250 0.053750
1 0.976875 0.129375 0.046250 0.056250
1 0.901875 0.365625 0.051250 0.068750
1 0.168750 0.576875 0.040000 0.053750
1 0.036875 0.470625 0.051250 0.058750
1 0.507500 0.289375 0.047500 0.058750
1 0.678750 0.840000 0.082500 0.065000
1 0.241875 0.851875 0.053750 0.053750
1 0.279375 0.187500 0.041250 0.037500
1 0.468750 0.255000 0.047500 0.050000
1 0.068750 0.878750 0.042500 0.042500
1 0.801250 0.333125 0.050000 0.046250
1 0.473125 0.326250 0.048750 0.055000
1 0.019375 0.121250 0.036250 0.070000
1 0.746875 0.360625 0.041250 0.038750
1 0.348125 0.940000 0.053750 0.050000
1 0.355625 0.869375 0.043750 0.051250
1 0.436250 0.013125 0.047500 0.023750
1 0.943125 0.307500 0.076250 0.055000
1 0.844375 0.977500 0.041250 0.045000
