0 0.323750 0.495625 0.082500 0.076250
0 0.394375 0.431875 0.036250 0.043750
0 0.363125 0.550625 0.071250 0.071250
1 0.288125 0.800000 0.121250 0.110000
1 0.664375 0.922500 0.088750 0.152500
1 0.571250 0.926250 0.070000 0.147500
1 0.460000 0.496875 0.060000 0.128750
1 0.616250 0.639375 0.050000 0.073750
1 0.572500 0.735000 0.065000 0.077500
1 0.515000 0.026875 0.077500 0.051250
1 0.398750 0.961875 0.050000 0.076250
1 0.665000 0.235000 0.102500 0.075000
1 0.472500 0.946875 0.070000 0.103750
1 0.693750 0.115625 0.070000 0.058750
1 0.524375 0.172500 0.061250 0.055000
1 0.630625 0.293750 0.063750 0.090000
1 0.555625 0.513125 0.061250 0.053750
1 0.635625 0.100625 0.066250 0.053750
1 0.487500 0.105000 0.090000 0.072500
