0 0.583750 0.545000 0.065000 0.067500
0 0.137500 0.546250 0.080000 0.082500
0 0.036875 0.468750 0.071250 0.100000
1 0.401250 0.671250 0.137500 0.140000
1 0.310625 0.676875 0.116250 0.108750
1 0.749375 0.560625 0.083750 0.133750
1 0.093750 0.655000 0.137500 0.060000
1 0.616250 0.844375 0.110000 0.163750
1 0.126875 0.196250 0.128750 0.095000
1 0.968750 0.248125 0.055000 0.106250
1 0.214375 0.326875 0.131250 0.056250
1 0.116875 0.866875 0.066250 0.061250
1 0.390625 0.866875 0.101250 0.038750
1 0.716875 0.115625 0.091250 0.048750
1 0.797500 0.098750 0.095000 0.052500
1 0.554375 0.903750 0.061250 0.052500
1 0.610000 0.698125 0.055000 0.066250
1 0.851250 0.370000 0.050000 0.062500
1 0.775625 0.731250 0.081250 0.062500
1 0.510000 0.418750 0.040000 0.065000
1 0.490000 0.768125 0.050000 0.058750
1 0.414375 0.208750 0.058750 0.085000
1 0.475000 0.660625 0.050000 0.053750
1 0.909375 0.816250 0.063750 0.087500
1 0.668750 0.231250 0.045000 0.035000
1 0.437500 0.063750 0.087500 0.040000
1 0.288125 0.077500 0.058750 0.045000
1 0.329375 0.015000 0.098750 0.027500
1 0.974375 0.043750 0.051250 0.052500
