0 0.345000 0.353750 0.097500 0.097500
0 0.449375 0.270000 0.096250 0.077500
0 0.263750 0.461875 0.090000 0.093750
0 0.310625 0.126250 0.243750 0.235000
1 0.916875 0.890000 0.148750 0.112500
1 0.815000 0.228125 0.070000 0.126250
1 0.090625 0.651875 0.066250 0.068750
1 0.291250 0.966875 0.075000 0.066250
1 0.941250 0.023750 0.067500 0.045000
1 0.020000 0.285625 0.037500 0.076250
1 0.929375 0.778125 0.128750 0.048750
1 0.511250 0.794375 0.060000 0.061250
1 0.120625 0.215625 0.038750 0.103750
1 0.875625 0.290000 0.068750 0.062500
1 0.671875 0.646250 0.041250 0.077500
1 0.307500 0.684375 0.035000 0.041250
