0 0.200625 0.350000 0.053750 0.052500
0 0.280000 0.035000 0.122500 0.067500
0 0.237500 0.854375 0.040000 0.051250
1 0.635000 0.268750 0.042500 0.057500
1 0.577500 0.198125 0.045000 0.051250
1 0.479375 0.082500 0.043750 0.057500
1 0.490625 0.430000 0.051250 0.052500
1 0.422500 0.061875 0.045000 0.063750
1 0.386250 0.725625 0.047500 0.053750
1 0.976250 0.543750 0.045000 0.037500
1 0.975000 0.976875 0.050000 0.043750
1 0.481250 0.576875 0.045000 0.046250
1 0.546250 0.761875 0.050000 0.036250
1 0.417500 0.260000 0.042500 0.055000
1 0.420000 0.556250 0.045000 0.032500
1 0.362500 0.161875 0.037500 0.043750
1 0.490000 0.354375 0.035000 0.056250
1 0.968750 0.409375 0.060000 0.036250
1 0.528750 0.856875 0.040000 0.058750
1 0.401875 0.785000 0.043750 0.040000
1 0.486875 0.920625 0.026250 0.051250
1 0.423750 0.963750 0.047500 0.045000
1 0.393125 0.063750 0.036250 0.042500
1 0.361250 0.378125 0.055000 0.041250
1 0.455000 0.271875 0.050000 0.048750
1 0.978125 0.045625 0.041250 0.033750
1 0.120000 0.944375 0.045000 0.046250
1 0.975625 0.435000 0.041250 0.030000
1 0.471250 0.854375 0.040000 0.043750
