0 0.456875 0.440625 0.063750 0.066250
0 0.328125 0.191875 0.028750 0.028750
0 0.889375 0.925625 0.081250 0.051250
1 0.676250 0.022500 0.067500 0.042500
1 0.670625 0.526250 0.076250 0.050000
1 0.488125 0.065000 0.068750 0.042500
1 0.285625 0.441250 0.078750 0.060000
1 0.403125 0.548125 0.043750 0.048750
1 0.738750 0.575000 0.042500 0.085000
1 0.328750 0.038750 0.050000 0.045000
1 0.611250 0.604375 0.040000 0.043750
1 0.305000 0.496250 0.045000 0.060000
1 0.853125 0.626875 0.041250 0.056250
1 0.498750 0.595625 0.040000 0.043750
1 0.293750 0.131250 0.037500 0.050000
1 0.920625 0.013125 0.046250 0.023750
1 0.450625 0.655000 0.046250 0.045000
1 0.056250 0.013125 0.040000 0.023750
1 0.515000 0.540000 0.032500 0.045000
1 0.899375 0.621250 0.036250 0.047500
1 0.131250 0.506250 0.042500 0.037500
1 0.861250 0.068125 0.035000 0.038750
1 0.986875 0.686250 0.026250 0.042500
1 0.513125 0.121250 0.036250 0.030000
0 0.329375 0.290625 0.038750 0.043750
0 0.178750 0.787500 0.052500 0.042500
0 0.789375 0.041250 0.066250 0.080000
