0 0.385000 0.646875 0.142500 0.146250
0 0.860000 0.554375 0.057500 0.058750
0 0.601250 0.576875 0.055000 0.041250
0 0.475000 0.563750 0.045000 0.045000
1 0.285625 0.875625 0.068750 0.073750
1 0.669375 0.017500 0.056250 0.032500
1 0.179375 0.898750 0.053750 0.042500
1 0.107500 0.086250 0.055000 0.055000
1 0.016875 0.555000 0.031250 0.060000
1 0.248125 0.124375 0.048750 0.053750
1 0.173750 0.111250 0.057500 0.072500
1 0.734375 0.788125 0.088750 0.051250
1 0.144375 0.918750 0.043750 0.042500
1 0.555000 0.745000 0.057500 0.047500
1 0.256875 0.978125 0.128750 0.041250
1 0.543125 0.791875 0.056250 0.048750
1 0.810000 0.977500 0.045000 0.045000
1 0.348125 0.908125 0.048750 0.051250
1 0.897500 0.175625 0.055000 0.041250
1 0.409375 0.203125 0.046250 0.051250
1 0.716875 0.906250 0.071250 0.042500
1 0.982500 0.781250 0.035000 0.050000
