0 0.168750 0.231875 0.060000 0.058750
0 0.826875 0.218125 0.041250 0.046250
0 0.465000 0.671875 0.115000 0.106250
0 0.071250 0.717500 0.060000 0.095000
1 0.408750 0.582500 0.047500 0.062500
1 0.364375 0.335625 0.071250 0.086250
1 0.201250 0.554375 0.052500 0.048750
1 0.080625 0.456250 0.063750 0.050000
1 0.821875 0.525000 0.048750 0.047500
1 0.286250 0.981875 0.067500 0.033750
1 0.788125 0.559375 0.051250 0.048750
1 0.195000 0.463750 0.047500 0.067500
1 0.616875 0.401875 0.041250 0.056250
1 0.440625 0.492500 0.043750 0.037500
1 0.398125 0.955000 0.046250 0.040000
1 0.046250 0.402500 0.042500 0.042500
1 0.930625 0.475000 0.046250 0.050000
1 0.156250 0.953750 0.062500 0.037500
1 0.561250 0.503125 0.040000 0.036250
1 0.768125 0.982500 0.048750 0.032500
1 0.508750 0.927500 0.035000 0.040000
1 0.016250 0.453125 0.030000 0.048750
1 0.986250 0.543125 0.027500 0.046250
1 0.861875 0.435625 0.038750 0.038750
1 0.555000 0.457500 0.040000 0.037500
