0 0.100000 0.231875 0.102500 0.078750
0 0.168750 0.965625 0.067500 0.068750
0 0.089375 0.659375 0.068750 0.081250
1 0.496875 0.117500 0.143750 0.102500
1 0.429375 0.157500 0.198750 0.095000
1 0.955000 0.607500 0.062500 0.192500
1 0.584375 0.908750 0.113750 0.102500
1 0.484375 0.630000 0.083750 0.065000
1 0.750625 0.628750 0.056250 0.077500
1 0.693125 0.843750 0.053750 0.152500
1 0.640625 0.075000 0.058750 0.072500
1 0.554375 0.655625 0.058750 0.071250
1 0.716250 0.733125 0.050000 0.073750
1 0.616250 0.023125 0.060000 0.043750
1 0.649375 0.456875 0.128750 0.046250
1 0.828125 0.575000 0.056250 0.052500
1 0.335000 0.691250 0.115000 0.037500
1 0.916250 0.818750 0.057500 0.065000
1 0.578750 0.405000 0.117500 0.055000
1 0.913125 0.114375 0.048750 0.046250
1 0.757500 0.896875 0.057500 0.171250
1 0.548750 0.840000 0.070000 0.047500
1 0.571250 0.355000 0.055000 0.047500
1 0.285625 0.717500 0.116250 0.045000
1 0.565625 0.411250 0.153750 0.045000
