0 0.198750 0.565625 0.105000 0.098750
0 0.765625 0.568750 0.118750 0.122500
0 0.368750 0.549375 0.147500 0.148750
1 0.146875 0.798125 0.076250 0.046250
1 0.432500 0.655000 0.065000 0.070000
1 0.874375 0.291875 0.056250 0.061250
1 0.671250 0.848750 0.072500 0.060000
1 0.543750 0.478750 0.052500 0.067500
1 0.817500 0.814375 0.052500 0.058750
1 0.491875 0.456875 0.048750 0.061250
1 0.465000 0.418750 0.070000 0.052500
1 0.730625 0.233750 0.061250 0.062500
1 0.548125 0.419375 0.051250 0.051250
1 0.683125 0.221875 0.053750 0.068750
1 0.756875 0.363125 0.061250 0.051250
1 0.146250 0.293750 0.125000 0.050000
1 0.624375 0.841250 0.063750 0.040000
1 0.086875 0.281875 0.093750 0.101250
1 0.736250 0.769375 0.100000 0.063750
1 0.208750 0.727500 0.095000 0.060000
1 0.243125 0.384375 0.098750 0.063750
1 0.830000 0.932500 0.057500 0.057500
1 0.148125 0.260625 0.081250 0.038750
1 0.415000 0.801875 0.097500 0.046250
1 0.146875 0.396875 0.086250 0.046250
1 0.886875 0.764375 0.053750 0.046250
1 0.882500 0.379375 0.050000 0.043750
1 0.761875 0.815000 0.098750 0.077500
1 0.941875 0.341250 0.051250 0.047500
1 0.480000 0.329375 0.087500 0.048750
1 0.431875 0.711875 0.068750 0.043750
1 0.085625 0.735000 0.108750 0.082500
1 0.616875 0.716875 0.053750 0.043750
1 0.845000 0.883125 0.047500 0.048750
1 0.695000 0.962500 0.050000 0.042500
1 0.322500 0.685625 0.102500 0.048750
1 0.776250 0.435000 0.050000 0.047500
1 0.566250 0.740000 0.047500 0.045000
1 0.158125 0.448125 0.093750 0.056250
1 0.657500 0.306875 0.060000 0.048750
1 0.903750 0.705625 0.050000 0.048750
1 0.611875 0.294375 0.076250 0.056250
1 0.432500 0.295625 0.090000 0.048750
1 0.300000 0.803125 0.120000 0.043750
1 0.310000 0.778125 0.095000 0.043750
1 0.431250 0.361875 0.050000 0.038750
