0 0.617500 0.455625 0.040000 0.038750
0 0.640000 0.582500 0.035000 0.035000
0 0.636250 0.652500 0.062500 0.052500
0 0.632500 0.615625 0.027500 0.031250
1 0.965625 0.045625 0.068750 0.088750
1 0.972500 0.723750 0.055000 0.065000
1 0.923125 0.816875 0.051250 0.053750
1 0.083750 0.293125 0.062500 0.063750
1 0.910000 0.407500 0.065000 0.037500
1 0.430000 0.155625 0.077500 0.063750
1 0.959375 0.156250 0.063750 0.057500
1 0.123750 0.124375 0.067500 0.038750
1 0.546250 0.074375 0.047500 0.081250
1 0.040625 0.708750 0.078750 0.062500
1 0.159375 0.173125 0.048750 0.038750
1 0.915000 0.777500 0.060000 0.032500
1 0.045625 0.377500 0.068750 0.030000
1 0.887500 0.330000 0.047500 0.050000
1 0.920000 0.602500 0.062500 0.040000
1 0.918125 0.468750 0.063750 0.027500
1 0.831875 0.298750 0.041250 0.067500
1 0.415625 0.363750 0.066250 0.065000
1 0.541250 0.522500 0.065000 0.040000
1 0.558125 0.821875 0.033750 0.063750
1 0.902500 0.946250 0.032500 0.047500
1 0.135000 0.358750 0.072500 0.065000
1 0.947500 0.331875 0.042500 0.053750
1 0.954375 0.239375 0.088750 0.076250
1 0.920000 0.110625 0.052500 0.031250
1 0.888125 0.738125 0.066250 0.033750
1 0.471250 0.455000 0.067500 0.042500
1 0.982500 0.614375 0.032500 0.041250
1 0.033125 0.763125 0.063750 0.061250
1 0.463750 0.362500 0.035000 0.045000
1 0.590000 0.695000 0.055000 0.027500
1 0.156875 0.593750 0.048750 0.057500
1 0.514375 0.933750 0.036250 0.047500
1 0.886875 0.036250 0.041250 0.050000
1 0.873750 0.212500 0.040000 0.072500
1 0.450625 0.081875 0.066250 0.041250
1 0.083750 0.966250 0.082500 0.040000
1 0.903750 0.681875 0.040000 0.026250
1 0.633750 0.615000 0.032500 0.032500
1 0.910625 0.376875 0.063750 0.036250
1 0.968750 0.684375 0.060000 0.036250
1 0.038125 0.615000 0.073750 0.060000
1 0.570625 0.569375 0.056250 0.033750
1 0.536875 0.334375 0.041250 0.046250
1 0.965000 0.186875 0.070000 0.068750
1 0.474375 0.733125 0.046250 0.056250
1 0.044375 0.636250 0.086250 0.035000
1 0.081875 0.848125 0.061250 0.056250
1 0.746875 0.815000 0.036250 0.035000
1 0.031250 0.410000 0.060000 0.027500
1 0.922500 0.049375 0.045000 0.043750
1 0.865000 0.980000 0.035000 0.040000
1 0.512500 0.106875 0.042500 0.076250
1 0.051250 0.483125 0.100000 0.061250
1 0.204375 0.197500 0.033750 0.040000
1 0.158750 0.666250 0.072500 0.077500
1 0.532500 0.398125 0.045000 0.046250
1 0.523125 0.213750 0.041250 0.050000
1 0.934375 0.519375 0.053750 0.028750
1 0.964375 0.347500 0.071250 0.062500
1 0.891250 0.713750 0.072500 0.045000
1 0.415625 0.663125 0.081250 0.051250
1 0.018125 0.530625 0.033750 0.041250
1 0.475625 0.948125 0.043750 0.071250
1 0.511875 0.753125 0.038750 0.033750
1 0.512500 0.485625 0.045000 0.041250
1 0.016250 0.876250 0.030000 0.045000
1 0.078125 0.983750 0.086250 0.032500
1 0.638125 0.579375 0.033750 0.021250
1 0.491250 0.013750 0.062500 0.025000
1 0.533125 0.786875 0.043750 0.051250
1 0.899375 0.081875 0.036250 0.036250
1 0.106875 0.508750 0.096250 0.062500
1 0.965625 0.115000 0.066250 0.067500
1 0.438750 0.788125 0.025000 0.046250
