0 0.691875 0.815625 0.046250 0.031250
0 0.586875 0.287500 0.036250 0.050000
0 0.303750 0.763750 0.087500 0.102500
1 0.416875 0.213750 0.106250 0.125000
1 0.433125 0.689375 0.066250 0.073750
1 0.448750 0.778125 0.065000 0.106250
1 0.982500 0.845625 0.032500 0.063750
1 0.060625 0.623125 0.043750 0.061250
1 0.712500 0.973125 0.117500 0.051250
1 0.588125 0.483125 0.051250 0.071250
1 0.505625 0.197500 0.048750 0.052500
1 0.587500 0.286875 0.037500 0.048750
1 0.704375 0.443125 0.093750 0.043750
1 0.663750 0.515000 0.085000 0.085000
1 0.951250 0.095625 0.040000 0.071250
1 0.555000 0.781875 0.047500 0.073750
1 0.590000 0.564375 0.050000 0.068750
1 0.551250 0.726250 0.037500 0.047500
1 0.110625 0.031250 0.096250 0.060000
1 0.645625 0.567500 0.091250 0.167500
1 0.489375 0.689375 0.038750 0.043750
1 0.538750 0.482500 0.045000 0.042500
1 0.027500 0.094375 0.052500 0.061250
1 0.048750 0.020000 0.095000 0.037500
1 0.973750 0.470625 0.035000 0.036250
1 0.017500 0.663750 0.032500 0.060000
1 0.580000 0.713125 0.032500 0.038750
1 0.510625 0.016875 0.053750 0.031250
