0 0.236250 0.473750 0.082500 0.060000
0 0.737500 0.540625 0.067500 0.061250
0 0.838125 0.530000 0.061250 0.077500
1 0.139375 0.734375 0.058750 0.058750
1 0.149375 0.312500 0.066250 0.062500
1 0.730000 0.935000 0.042500 0.065000
1 0.788125 0.470625 0.043750 0.086250
1 0.912500 0.455000 0.057500 0.080000
1 0.596875 0.561875 0.043750 0.038750
1 0.471250 0.666875 0.045000 0.043750
1 0.556250 0.553750 0.035000 0.050000
1 0.755000 0.805625 0.050000 0.048750
1 0.746250 0.015000 0.050000 0.027500
1 0.409375 0.790000 0.041250 0.045000
1 0.273125 0.630000 0.046250 0.045000
1 0.620625 0.260000 0.043750 0.035000
1 0.690000 0.667500 0.102500 0.050000
1 0.063125 0.785000 0.043750 0.037500
1 0.070000 0.571250 0.040000 0.040000
1 0.453750 0.276250 0.050000 0.067500
1 0.320000 0.640625 0.040000 0.053750
1 0.561250 0.280625 0.047500 0.046250
1 0.283125 0.535625 0.041250 0.038750
1 0.566875 0.713750 0.048750 0.037500
1 0.499375 0.557500 0.083750 0.072500
1 0.803125 0.702500 0.131250 0.040000
1 0.830000 0.381250 0.060000 0.045000
1 0.782500 0.787500 0.027500 0.037500
1 0.035625 0.672500 0.028750 0.037500
1 0.348750 0.707500 0.045000 0.037500
1 0.541875 0.330625 0.036250 0.043750
1 0.400000 0.686875 0.055000 0.036250
1 0.686250 0.871250 0.032500 0.032500
