0 0.383750 0.413750 0.032500 0.032500
0 0.416875 0.461250 0.076250 0.067500
0 0.313125 0.423125 0.078750 0.121250
0 0.420000 0.369375 0.080000 0.063750
1 0.955000 0.826250 0.090000 0.075000
1 0.940000 0.043750 0.075000 0.085000
1 0.727500 0.961875 0.052500 0.058750
1 0.908125 0.698125 0.066250 0.066250
1 0.933750 0.428750 0.087500 0.037500
1 0.741875 0.705625 0.073750 0.051250
1 0.975000 0.042500 0.050000 0.082500
1 0.976875 0.911250 0.046250 0.057500
1 0.875625 0.278750 0.078750 0.057500
1 0.888125 0.306875 0.078750 0.043750
1 0.887500 0.925000 0.097500 0.040000
1 0.781875 0.963125 0.058750 0.053750
1 0.936250 0.373750 0.080000 0.077500
1 0.941250 0.166250 0.115000 0.077500
1 0.848125 0.647500 0.046250 0.060000
1 0.872500 0.675000 0.047500 0.065000
1 0.955625 0.648750 0.046250 0.057500
1 0.887500 0.970625 0.082500 0.051250
