0 0.447500 0.609375 0.085000 0.066250
0 0.821250 0.540625 0.060000 0.073750
1 0.090000 0.965000 0.050000 0.070000
1 0.121250 0.035000 0.052500 0.067500
1 0.280000 0.377500 0.050000 0.057500
1 0.520625 0.141875 0.043750 0.061250
1 0.917500 0.165000 0.045000 0.055000
1 0.726250 0.313750 0.057500 0.052500
1 0.580000 0.340000 0.045000 0.052500
1 0.726250 0.160625 0.047500 0.058750
1 0.518125 0.220625 0.041250 0.046250
1 0.086250 0.865625 0.055000 0.043750
1 0.185625 0.157500 0.043750 0.062500
1 0.763125 0.983750 0.043750 0.032500
1 0.797500 0.977500 0.045000 0.040000
1 0.160000 0.856250 0.062500 0.042500
1 0.519375 0.981875 0.041250 0.033750
1 0.428750 0.886875 0.037500 0.041250
0 0.674375 0.643750 0.066250 0.072500
1 0.588125 0.910000 0.041250 0.040000
1 0.493750 0.328750 0.035000 0.042500
1 0.831250 0.890000 0.037500 0.037500
1 0.371250 0.222500 0.037500 0.040000
1 0.042500 0.283750 0.040000 0.050000
1 0.226250 0.263750 0.037500 0.037500
1 0.852500 0.420000 0.042500 0.040000
1 0.828750 0.855000 0.037500 0.032500
1 0.011875 0.278750 0.021250 0.045000
1 0.788750 0.805625 0.052500 0.038750
1 0.624375 0.909375 0.033750 0.041250
1 0.540625 0.384375 0.038750 0.031250
1 0.931250 0.795000 0.030000 0.032500
1 0.976250 0.294375 0.045000 0.046250
0 0.393750 0.035000 0.065000 0.067500
0 0.467500 0.016250 0.057500 0.030000
0 0.534375 0.016875 0.056250 0.031250
0 0.198750 0.508125 0.090000 0.066250
