0 0.666875 0.351875 0.096250 0.063750
0 0.861875 0.483750 0.106250 0.072500
0 0.053125 0.161875 0.103750 0.081250
1 0.691250 0.109375 0.170000 0.058750
1 0.602500 0.027500 0.115000 0.052500
1 0.945625 0.936250 0.093750 0.055000
1 0.392500 0.871875 0.137500 0.071250
1 0.963125 0.126250 0.073750 0.045000
1 0.481875 0.198125 0.143750 0.051250
1 0.396250 0.430000 0.055000 0.142500
1 0.893125 0.828750 0.098750 0.050000
1 0.714375 0.734375 0.076250 0.066250
1 0.856250 0.622500 0.060000 0.047500
1 0.597500 0.930625 0.087500 0.053750
1 0.438125 0.965000 0.078750 0.057500
1 0.386875 0.797500 0.161250 0.065000
1 0.473125 0.238125 0.141250 0.048750
1 0.201250 0.811250 0.067500 0.112500
1 0.916250 0.903125 0.070000 0.036250
1 0.188750 0.881875 0.230000 0.088750
1 0.681250 0.855000 0.070000 0.050000
1 0.048125 0.967500 0.093750 0.057500
1 0.023750 0.703125 0.045000 0.061250
1 0.440000 0.821875 0.092500 0.051250
1 0.114375 0.971875 0.146250 0.053750
1 0.181250 0.979375 0.112500 0.038750
1 0.113125 0.577500 0.051250 0.070000
1 0.635625 0.720000 0.051250 0.060000
