0 0.306250 0.255000 0.047500 0.062500
0 0.229375 0.322500 0.053750 0.040000
0 0.196875 0.250000 0.078750 0.075000
0 0.086875 0.085625 0.048750 0.046250
1 0.528750 0.286250 0.160000 0.125000
1 0.220625 0.595625 0.238750 0.151250
1 0.073125 0.523125 0.143750 0.121250
1 0.108750 0.050000 0.205000 0.097500
1 0.210625 0.061875 0.201250 0.121250
1 0.948750 0.186250 0.102500 0.077500
1 0.428750 0.836250 0.145000 0.097500
1 0.704375 0.050000 0.138750 0.092500
1 0.053750 0.801875 0.105000 0.103750
1 0.035000 0.944375 0.067500 0.111250
1 0.466875 0.023125 0.091250 0.043750
