0 0.021250 0.229375 0.040000 0.043750
0 0.080625 0.922500 0.051250 0.052500
0 0.063125 0.055000 0.056250 0.052500
1 0.348125 0.162500 0.053750 0.082500
1 0.611250 0.291250 0.062500 0.090000
1 0.075000 0.438125 0.125000 0.056250
1 0.583125 0.128750 0.066250 0.067500
1 0.424375 0.926875 0.081250 0.071250
1 0.668125 0.041250 0.058750 0.072500
1 0.503750 0.327500 0.050000 0.075000
1 0.307500 0.355000 0.082500 0.082500
1 0.389375 0.513750 0.091250 0.077500
1 0.717500 0.527500 0.127500 0.032500
1 0.837500 0.347500 0.087500 0.035000
1 0.770000 0.785625 0.085000 0.076250
1 0.590625 0.838750 0.053750 0.092500
1 0.288125 0.826875 0.108750 0.028750
