0 0.907500 0.243750 0.137500 0.132500
0 0.697500 0.815625 0.085000 0.086250
1 0.195000 0.911875 0.060000 0.081250
1 0.479375 0.746250 0.041250 0.067500
1 0.593125 0.905625 0.041250 0.066250
1 0.024375 0.591875 0.046250 0.061250
1 0.202500 0.416875 0.060000 0.043750
1 0.140000 0.915000 0.062500 0.075000
1 0.050625 0.426250 0.066250 0.055000
1 0.081250 0.573750 0.052500 0.050000
1 0.882500 0.676250 0.035000 0.050000
1 0.021250 0.836250 0.040000 0.057500
1 0.231250 0.675000 0.072500 0.052500
1 0.850000 0.708125 0.035000 0.081250
1 0.352500 0.684375 0.050000 0.048750
1 0.415625 0.785000 0.048750 0.062500
1 0.523750 0.489375 0.050000 0.053750
1 0.115625 0.761250 0.061250 0.052500
1 0.093750 0.441875 0.057500 0.038750
1 0.692500 0.586875 0.040000 0.048750
1 0.356250 0.726875 0.037500 0.051250
0 0.552500 0.190625 0.077500 0.048750
1 0.525625 0.793125 0.043750 0.081250
1 0.388125 0.860000 0.043750 0.087500
1 0.181875 0.790000 0.058750 0.070000
1 0.241250 0.507500 0.045000 0.042500
0 0.036875 0.093750 0.071250 0.107500
0 0.828750 0.134375 0.110000 0.098750
