0 0.335625 0.292500 0.031250 0.030000
0 0.394375 0.863750 0.066250 0.105000
0 0.418750 0.299375 0.132500 0.128750
0 0.151875 0.205000 0.058750 0.060000
1 0.076875 0.453750 0.113750 0.115000
1 0.331250 0.766875 0.112500 0.068750
1 0.738125 0.826250 0.053750 0.062500
1 0.934375 0.208750 0.041250 0.077500
1 0.850625 0.587500 0.063750 0.052500
1 0.546250 0.191875 0.067500 0.086250
1 0.645625 0.514375 0.083750 0.068750
1 0.118125 0.720625 0.096250 0.058750
1 0.319375 0.660000 0.096250 0.047500
1 0.626250 0.170000 0.045000 0.052500
1 0.195000 0.585000 0.095000 0.062500
1 0.418750 0.726250 0.067500 0.037500
1 0.488750 0.307500 0.032500 0.067500
1 0.826875 0.880000 0.088750 0.150000
1 0.960625 0.277500 0.033750 0.080000
1 0.419375 0.671250 0.071250 0.032500
1 0.285000 0.728125 0.172500 0.073750
1 0.960625 0.600625 0.048750 0.043750
1 0.111875 0.853125 0.048750 0.048750
1 0.753750 0.630625 0.047500 0.071250
1 0.966250 0.930625 0.042500 0.053750
