0 0.645625 0.556250 0.098750 0.077500
0 0.713125 0.197500 0.126250 0.107500
1 0.354375 0.900000 0.051250 0.090000
1 0.593125 0.633750 0.083750 0.045000
1 0.978125 0.900625 0.041250 0.071250
1 0.556875 0.300000 0.088750 0.075000
1 0.105625 0.243750 0.081250 0.047500
1 0.214375 0.660625 0.078750 0.048750
1 0.276875 0.417500 0.076250 0.042500
1 0.414375 0.570625 0.053750 0.051250
1 0.898750 0.493125 0.052500 0.076250
1 0.230000 0.525000 0.052500 0.057500
1 0.671875 0.279375 0.106250 0.081250
1 0.583125 0.445000 0.073750 0.042500
1 0.816875 0.809375 0.048750 0.063750
1 0.209375 0.374375 0.096250 0.041250
1 0.241250 0.458750 0.070000 0.045000
1 0.250000 0.602500 0.067500 0.047500
1 0.134375 0.715625 0.106250 0.041250
1 0.442500 0.663125 0.080000 0.043750
1 0.955625 0.297500 0.048750 0.057500
1 0.899375 0.320625 0.061250 0.046250
1 0.970625 0.433125 0.058750 0.048750
1 0.445625 0.908125 0.051250 0.058750
1 0.835000 0.758125 0.047500 0.056250
1 0.511875 0.741875 0.086250 0.046250
1 0.872500 0.583750 0.040000 0.065000
1 0.458125 0.436875 0.053750 0.048750
1 0.308750 0.366250 0.057500 0.055000
1 0.915625 0.437500 0.056250 0.042500
1 0.405000 0.335625 0.095000 0.046250
1 0.561250 0.802500 0.060000 0.037500
1 0.349375 0.731875 0.043750 0.038750
1 0.936875 0.736250 0.051250 0.040000
1 0.042500 0.775625 0.062500 0.058750
1 0.565000 0.875000 0.047500 0.077500
1 0.519375 0.676875 0.051250 0.036250
1 0.933125 0.687500 0.061250 0.040000
1 0.257500 0.323750 0.077500 0.045000
1 0.243125 0.822500 0.053750 0.055000
1 0.723125 0.726875 0.073750 0.056250
1 0.203125 0.336250 0.076250 0.040000
1 0.606875 0.756875 0.051250 0.046250
1 0.813750 0.477500 0.032500 0.042500
1 0.038125 0.356250 0.063750 0.042500
1 0.855000 0.881250 0.040000 0.057500
1 0.573125 0.360000 0.068750 0.042500
1 0.448125 0.785625 0.096250 0.066250
1 0.203125 0.745625 0.071250 0.036250
1 0.253125 0.775625 0.048750 0.043750
1 0.826875 0.671250 0.056250 0.035000
1 0.826875 0.315000 0.038750 0.050000
1 0.791875 0.645625 0.046250 0.046250
1 0.891250 0.856875 0.035000 0.051250
1 0.484375 0.375625 0.031250 0.043750
1 0.821250 0.721250 0.070000 0.045000
1 0.740000 0.811250 0.045000 0.057500
1 0.117500 0.871875 0.037500 0.041250
1 0.765625 0.676250 0.038750 0.042500
1 0.770625 0.335625 0.068750 0.076250
1 0.481875 0.831250 0.076250 0.047500
1 0.080000 0.461250 0.047500 0.040000
1 0.458125 0.361875 0.038750 0.031250
1 0.544375 0.836250 0.043750 0.040000
1 0.611250 0.853125 0.042500 0.048750
